12,0,1,12;51,52,40;0,1,2,3,4,5,6,7,8,9,10,11,23,35,47,59,71,83;93,94,95,107,119,131,143,142,141,140,139,138,137,136,135,123,111,99,87,88,76,64,63,62,50,38,39,27,28,29;113,114,102,90,78,66,54,55;26,14,15,16,17,18,19,20,21,33,45,57,69,81,80,92;115,116,117;105,106,118,130,129,128,127,126,125,124,112,100,101,89;75,74,86,98,110,122,134,133,132,120,108,96,84,72,60,48,36,24,12;22,34,46,58,70,82;77,65,53,41,42,43;121,109,97,85,73,61,49,37,25,13;30,31,32,44,56,68,67,79,91,103,104
12,0,2,12;89,90,91,92,104,116,128,129,130,118,106,94,82,70,69,68,67,55;1,0,12,24,36,48;43,42,54,53,65,77,76,88,87,86,85,84,96,108,120,132,133,134,135,136,137,138,126,114,113,112,111,110;99,100,101,102,103,115;66,78,79,80,81,93,105,117;2,14,15,16,17,18,19,20,21,22,34,46,58,57,56,44;37,49,61;98,97,109,121,122,123,124,125;51,39,27,28;127,139,140,141,142,143,131,119,107,95,83,71,59,47,35,23,11,10,9,8,7,6,5,4,3;60,72,73,74,62,50,38,26,25,13;75,63,64,52,40,41,29,30,31,32,33,45
12,0,3,12;45,57,69;26,14,2,1,0,12,24,36,48,60,72,84,96,108,120,132,133,134,135,136,137,138,126,114,113,112,111,110,98,86,74,62;92,91,90,89,88,76,64,65,53,54,55,56,44,32,33,21,22,23,35,47,59,71,83;31,43,42,41,40,52,51,63,75,87,99,100;34,46,58,70,82,94,95,107,119,131,143,142,141,140,139,127,115;125,124,123,122,121,109,97,85,73,61,49,50,38,39,27,28,29,30;128,129,130,118,106,105,93,81,80,79;117,116,104,103,102,101;3,15,16,17,18,19,20;77,78,66,67,68;13,25,37;11,10,9,8,7,6,5,4
12,0,4,9;129,128,116,104,92,80,68,56,44,32,20,8,7,6,5,4,3,2,1,0,12,24,36,48,60,72,73,74,86;84,96,108,120,132,133,134,135,136,137,138,126,114,102,90,78,66,54,53,41,40,39;34,46,58,70,82,94,106;122,123,124,125,113,101,89,77,65;62,61,49,37,25,13,14,15,16,17,18,19,31;81,69,57,45,33,21,9,10,11;52,64,76,88,100,112,111,110,109,121;85,97,98,99,87,75,63,51,50,38,26,27,28,29,30,42,43,55,67,79,91,103,115,127,139,140,141,142,143,131,119,107,95,83,71,59,47,35,23,22;93,105,117,118,130
12,0,5,13;76,88,100,101,113;32,31,30,29,28,27,39,51,63,75,87,99,111,112,124,125,137,138,139,127,115;60,61,62,74,86,98,110,122,134;33,45,44,43,42,41,40,52,64,65,66,78,79,91,103,102,114,126;72,84,96,108,120,132,133;49,50,38,26;90,89,77;19,18,17,16,15,14,13,25,37,36,48;53,54,55,67,68,80,92,104,116,128,140,141,142,143,131,119,107,95,83,71,59,47,35,23,11,10,9,8,7,6,5,4,3,2,1,0,12,24;123,135,136;118,106,94,82,70,58,46,34,22,21,20;56,57,69,81,93,105,117,129,130;121,109,97,85,73
12,0,6,13;17,16,28,27,39,51,63,75,76,88,100;82,81,69,68,67,66,65,64,52,40,41,29,30,18,19,20,21;55,56,57,58,59;128,127,115,103,91,79,78,77,89,101,113,112,111,99,87,86,74,73;121,109,97,85;98,110,122,123,124,125,126,114,102,90;11,23,35,47,46,45,44;143,131,119,107;142,130,118,106,105;49,37,25,13;15,14,26,38,50,62,61,60,72,84,96,108,120,132,133,134,135,136,137,138,139,140,141,129,117,116,104,92,80;93,94,95,83,71,70;53,54,42,43,31,32,33,34,22,10,9,8,7,6,5,4,3,2,1,0,12,24,36,48
12,0,7,12;80,92,104,116,117;22,34,46,45;94,82,70,58,57,56,55,54,53,65,77;30,31,19,20;17,29,28;18,6,7,8,9,10,11,23,35,47,59,71,83,95,107,119,131,143,142,141,140,139,138,137,136,135,134,133,132,120,108,96,84,72,60,48,36,24,12,0,1,2,3;39,51,63,75,76,88,89;64,52,40,41,42,43,44,32,33,21;79,67,68,69,81,93,105,106,118,130,129,128,127,115,114,102,101,100,99,87,86,74,62,50,38,26,27;5,4,16,15,14,13,25,37,49,61,73,85,97,109,121,122,123,124,125,126;66,78,90,91,103;113,112,111,110,98
12,0,8,13;27,28,16,17,18,19,20,21,33,45,44,43,42,54,53,65,64;113,125,124,123;106,118,130,129,128,127,115,103,104,92,93,81,82,83,71,59,58,46,34,22,10,9,8,7,6,5,4,3,15,14,26;105,117,116;32,31,30,29,41,40,52,51,63,75,74,73,72,60;121,109,97,98,99,87,88,76,77,78,66,67,55,56,57;135,136,137,138,126,114,102;61,62,50,38,39;47,35,23,11;48,49,37,25,13;2,1,0,12,24,36;70,69,68,80,79,91,90,89,101,100,112,111,110,122,134,133,132,120,108,96,84,85,86;139,140,141,142,143,131,119,107,95,94
12,0,9,11;110,98,99,100;141,142,143,131,119,107,95,83,71,59,47,46,45,44,56,55,54,53,52,64,63,62,74,86,85,97,109;88,89,90,102,114;13,14,15,16,17,18,19,20,21,22,34;124,125,126,127,115,116,104,92,80,68,67,66,65;70,82,94,106,118,130;121,122,123,111,112,113,101;103,91,79,78,77,76,75,87;58,57,69,81,93,105,117,129,128,140,139,138,137,136,135,134,133,132,120,108,96,84,72,73,61,49,50,51,39,40,41,42,43,31,32,33;30,29,28,27,26,38,37,36,48,60;35,23,11,10,9,8,7,6,5,4,3,2,1,0,12,24,25
12,0,10,9;44,43,42,41,40,39;143,142,141,129,117,105,93,81,69,70,58,46,34,22,21,20,19,18,17;121,122,123,124,125,126,127,115,103,91,90,89,88,76,75,74,62,50,38,26,27;51,52,53,54,66;63,64,65,77,78,79,67,55;114,113,112,111,110;102,101,100,99,87,86,85,73,61,49,37,25,13,14,15,16,28,29,30,31,32,33,45,57,56,68,80,92,104,116,128,140,139,138,137,136,135,134,133,132,120,108,109;130,131,119,107,95,83,71,59,47,35,23,11,10,9,8,7,6,5,4,3,2,1,0,12,24,36,48,60,72,84,96,97,98;82,94,106,118
12,0,11,12;91,79,78,77,89,88;13,25,37,49,61,73,74,86,98,110,111,112;93,92,104,103,102,90;46,34,22,10;5,6,7,8,9,21,33,45,57,69,70,71,83,95,107,119,118,130,129,128;76,64,65,66,67,55,43,31;3,4,16,28,27,26;114,126,138,137,136,135,134,133,132,120,108,96,84,72,60,48,36,24,12,0,1,2,14,15;11,23,35,47,59,58;131,143,142,141,140,139,127,115,116,117,105,106,94,82,81,80,68,56,44,32,20,19,18,17,29,41,40,39,38,50,62;101,113,125,124,123,122,121,109,97,85;30,42,54,53,52,51,63,75,87,99,100
12,0,12,10;136,137,138,139,140,141,142,143,131,119,107,95,83,71,59,47,35,23,11,10,9,8,7,6,5;81,93,105,117,116,115,114;45,33,32,31;15,14,13,25,37,49,61,73,85,97,109;102,103,104,92,80,68,56,57,58,46,34,22,21,20,19,18,17,29;27,26,38,50,62,74,86,98;132,133,134,135,123,124,112,100,88,89,90,91,79,67,55,43,44;69,70,82,94,106,118,130,129,128,127,126,125,113,101;30,42,41,40,28,16,4,3,2,1,0,12,24,36,48,60,72,84,96,108,120,121,122,110,111,99,87,75,63,64,65;76,77,78,66,54,53,52,51,39
12,0,13,11;128,127,126;74,62,50,38;102,114,115,116,117,129,130;92,80,81,82;124,125,113,101,89,77,76,75,63,51,39,27,26;105,104,103,91,90,78,66,65,64,52,40,28,16,15,14,13,25,37,49,61,73,85,86,87,88,100;99,98,97,96,84,72,60,48,36,24,12,0,1,2,3,4,5,17,29,41,53,54,55,56,57,45,33,21,20,19,31;112,111,110,109,108,120,132,133,134,135,136,137,138,139,140,141,142,143,131,119,118,106,94,93;121,122,123;32,44,43,42,30,18,6,7,8,9,10,22,34,46,58,70,69,68,67,79;11,23,35,47,59,71,83,95,107
12,0,14,13;131,130,129,128,127,126,125,124,136,135;108,120,132,133,134,122,123,111,112,113,101,89,77,65,53,54,42,43,44,45,33,34,35,47,59,71,70,82,94,106,105,104,103;96,84,72,60,48,36,24,25,13,14,15;92,93,81,69;137,138,139,140,141,142,143;78,66,67,55;110,109,121;12,0,1,2,3,4,5,6;100,99,98,97;83,95,107,119,118,117,116,115,114,102,90,91,79,80,68,56,57,58,46;23,11,10,9,8,7,19,18,17,16,28,27,26,38,50,62,74,86,87,88,76,64,52;22,21,20,32,31,30,29,41,40,39,51,63,75;85,73,61,49,37
12,0,15,12;108,96,84,72,60,61,62,63,75,87,86;22,34,46,58,70,82,94,106,118,119;66,78,90,102,114,113,112,111,123,122,121,109,97,85,73,74;128,116,104,92,80,68,56,44,43;143,142,141,140,139,138,137;1,0,12,24,36,48,49,50,51,52,53,41,29;120,132,133,134,135,136,124,125,126,127,115,103,91,79,67,55,54,42,30,31,32,33,45,57,69,81,93,105,117,129,130,131;3,2,14,13,25,37,38,39,40,28,16,17,18,19,20,21;64,76,88,100,99,98,110;4,5,6,7,8,9,10,11,23,35,47,59,71,83,95,107;65,77,89,101;26,27,15
12,0,16,12;98,110,122,123,124,112,100,88,76,64,52,40,39,38,37,25,13,14,15,16,17,18,30,42,54,66,78,90,102,114,126,138,139,140,128,116,104,92,93,94,106,118,130;26,27,28,29,41,53,65,77,89,101,113,125,137,136,135,134;68,56,44;83,95,107,119,131;143,142,141,129,117,105;80,81,69,57,58,46,34,22,21;45,33,32,20,8;9,10,11,23,35,47,59,71,70,82;73,72,60,48,36,24,12,0,1,2,3,4,5,6,7,19,31,43,55,67,79,91,103,115,127;133,121,109,97,85,86,74,62,61,49;111,99,87,75,63,51,50;132,120,108,96,84
12,0,17,12;62,61,73,85,97,109,121;78,66,54,53,52,51,50,38,26,27,28,29,30,31,32,33,45;87,88,76,77;39,40,41,42,43,55,67,79,91,90,89,101,100,99;46,58,70,82,94,106,118,130;9,21,22,34;44,56,57,69,81,93,105,117,129,128,140,139,138,137,136,135,134,133,132,120,108,96,84,72,60,48,36,24,12,0,1,2,3,4,5,6,7;122,123,124,125,126,127,115,116;23,11,10;35,47,59,71,83,95,107,119,131,143,142,141;8,20,19,18,17,16,15,14,13,25,37,49;65,64,63,75,74,86,98,110,111,112,113,114,102,103,104,92,80,68
12,0,18,9;77,78,66,54,53,52,51;103,104,92,80,68,56,44,43,42,41,40,39,27,15,14,13;109,121,122,123,124,125,126,127,128,129,130,118,106,94,82,70,58,46,34,22,21,20,19,18,17;37,49,61,73,85,97;102,101,89;100,99,87;55,67,79,91,90;88,76,75,74,86,98,110,111,112,113,114,115,116,117,105,93,81,69,57,45,33,32,31,30,29,28,16,4,3,2,1,0,12;65,64,63,62,50,38,26,25,24,36,48,60,72,84,96,108,120,132,133,134,135,136,137,138,139,140,141,142,143,131,119,107,95,83,71,59,47,35,23,11,10,9,8,7,6,5
12,0,19,10;43,42,41,53,65,77,89,101,102,103,104,92,80,81,82,94;131,143,142,141,140,139,138,137,136,135,134,133,132,120,108,96,84,72,60,48,36,24,12,0,1;22,34,46,58,70;38,39,40,28,29,30,31,32,44,56,55,54,66,78,90;26,27,15,16,17,18,19,20,21,33,45,57,69,68,67,79,91;113,114,115,116,117,118,119,107,95,83,71,59,47,35,23,11,10,9,8,7,6,5,4,3,2,14,13,25,37,49,61,73,74,86,98,110,111,123;130,129,128,127,126,125,124,112,100,99,87,75,63,62,50;85,97,109,121,122;88,76,64,52,51;93,105,106
12,0,20,12;72,60,48,36,24,12,0,1,2,3,4,5,6,7,8,9,10,11,23,35,47,59,71,83,95,107,119,131,143,142,141,140;37,49,61,73;54,42,41,40,39,51;93,92,91,90,89;66,67,68,56,57,45,33,32,31,30,29,28,27;128,127,139,138,137,136,135,134,133,132,120,108,96,84,85,86,74,75,76,88,100;52,64,63,62,50,38,26,25;53,65,77,78,79,80,81,69,70,58,46,34,22,21,20,19,18,17,16,15,14,13;44,43,55;116,115,114,126,125,124,123,122,121,109,97,98,99,87;110,111,112,113,101,102,103,104,105,117,129;82,94,106,118,130
12,0,21,11;43,55,54,66,78,90,102,114,113,125,124,123,122,121,109,97,85,73,61,49,37,38,39,51,63,75,87,99;21,9,10,11,23,35,47,59,71,83;95,107,106,118,130,129,128,116,104,92,80,81,82,70,58;126,127,115,103,91,79,67,68,56,44;8,7,6,5,4,3,2,1,0;29,17,16,15,14,13,12;119,131,143,142,141,140,139,138,137,136,135,134,133,132,120,108,96,84,72,60,48,36,24,25,26,27,28,40,52,64,76,88,100,112,111,110,98,86,74,62,50;101,89,77,65,53,41,42,30,31,32,33;69,57,45,46,34,22;94,93,105,117;20,19,18
12,0,22,13;55,54,53;37,49,61,62,63,51,39,27,15,14,13;77,89,101;69,57,45;52,40,28,29,30,31,32,33,34,46,58,70,82,94,106,105,117,116,115,114,113,112,111,110;22,21,20,19,18,17,16,4,3,2,1,0,12;88,100,99,98,97,109,121,122,123,124,125,126,127,128,129,130,118;80,81,93;50,38,26,25,24,36,48,60,72,73;74,75,87;104,92,91,79,67,68,56,44,43,42,41;5,6,7,8,9,10,11,23,35,47,59,71,83,95,107,119,131,143,142,141,140,139,138,137,136,135,134,133,132,120,108,96,84,85,86;76,64,65,66,78,90,102,103
12,0,23,9;52,51,50,49,37,25,26,27,28,29,30,42,54,66,78,77,76,88,100,112,124,125,126,127,128,129,130,118,106,94,82,70,58,46,34,22,10,9;55,67,79,91;38,39,40,41,53,65,64,63,62,61,73,85;2,1,0,12,24,36,48,60,72,84,96,108,120,132,133,134,122,110;11,23,35,47,59,71,83,95,107,119,131,143,142,141,140,139,138,137,136,135,123,111,99,87,75;89,101,113,114,115,116,117,105,93,81,69,57,45,33,32,31,19,18,17,16,15,14,13;74,86,98,97,109,121;3,4,5,6,7,8,20,21;90,102,103,104,92,80,68,56,44,43
12,0,24,11;30,42,43,55,67,79,78,77,65,64,52,40;123,135,134,133,132,120,108;45,57,69,81,93,105,104;143,142,141,140,139,138,137,125,113,101,100,99,87,86,74,62,50,38,26,27,28,29,41,53,54,66;22,34,46,58,70,82,94,106,118,117,116,115;18,6,7,8,9,10,11,23,35,47,59,71,83,95,107,119,131,130,129,128,127,126,114,102,90,89,88,76,75,63,51,39;17,5,4,3,2,1,0,12,24,36,48,60,72,84,96;136,124,112,111,110,98,97,85,73,61,49,37,25,13,14,15,16;109,121,122;31,19,20;21,33,32,44,56,68,80,92,91,103
12,0,25,13;29,41,53,65,64,76;122,123,124,112,113,101,102,90,91,79,67,55;12,0,1,2,3,4,5,6,7,8,9,10,11,23,35,47,59,71;52,40,28,16,17,18,30,31,32,33,45,57,69,81,93,94;72,60,48,36,24,25,13,14,15,27,39,51,50,62,74,86,98,97;127,128,129,130;121,109,110,111,99,87,75,63;103,104,92,80,68,56,44,43,42,54,66,78,77,89,88,100;138,139,140,141,142,143,131;95,83,82,70,58,46,34,22,21,20,19;105,106,107,119;26,38,37,49,61,73,85,84,96,108;118,117,116,115,114,126,125,137,136,135,134,133,132,120
12,0,26,10;89,77,65,53,41,29,17,16,15,14,26,38,50,62,74;86,98,110,111,112,113;125,124,123,122,121,109,97,85,73,61,49,37,25,13;57,58,59,71,83,95,107;23,35,47;28,27,39,51,63,75,87,99,100,101,102,114,126,138,137,136,135,134,133,132,120,108,96,84,72,60,48,36,24,12,0,1,2,3,4,5,6,7,8,9,21,33,32,31,43,55,67,79;88,76,64,52,40;106,94,82,70,69;130,129,128,116,104,92;20,19,18,30,42,54,66,78,90,91,103,115,127,139,140,141,142,143,131,119,118,117,105,93,81,80,68,56,44,45,46,34,22,10,11
12,0,27,13;63,62,61,49,37,25,13,14;42,43,44,45;109,108,120,132,133,134,135,136,137,125,113,101,89,77,65,53,41,29,28;39,40,52,64;119,131,143,142,141,140,139,138,126,114,102,90,78,66,54;130,118,106,107,95,83,71,59,47,35,23,11,10,9,8;51,50,38,26,27,15,16,17,18,30,31,32,33;94,82,70,69,68,80,92,104,116;87,86,85;111,99,98,97,96,84,72,60,48,36,24;73,74,75,76,88,100,112,124,123;121,122,110;12,0,1,2,3,4,5,6,7,19,20,21,22,34,46,58,57,56,55,67,79,91,103,115,127,128,129,117,105,93,81
12,0,28,10;77,89,90,102,103,115,116,117,105,93,94,82,70,58,46,47;39,40,41,42,30,18,19,7,8,9,10,11,23,35,34,33,45,57,69,81,80,92,104;101,100,99,98,97,96,108,120,132,133,134,135,136,137,138,139,140,141,142,143,131,119;62,50,38,26,27,28,29;6,5,4,3,2,1,0,12,24,36,48,60,72,84,85,86,87,88,76,64,65,66,67,68,56,44;22,21,20,32,31,43,55,54,53,52,51,63;91,79,78;109,110,111,112,113,114;17,16,15,14,13,25,37,49,61,73,74,75;121,122,123,124,125,126,127,128,129,130,118,106,107,95,83,71,59
12,0,29,12;118,130,129,128,127,126,114,113,101;64,65,66,67,68,56,44,32;123,122,134,133,132,120,108,96,97,98,99;104,92,80,81,69,57,45,33,21,20,19,18,17,16,15,14,13,25,37,49,61,73,74,86,87,88,89;71,59,47,35,23,11;95,94,93,105,117,116,115,103,91,79;135,136,137,138,139,140,141,142,143,131,119,107,106;111,110,109,121;62,50,38,26,27,28,29,30,31,43,55,54,53,52;42,41,40,39,51,63,75,76,77,78,90,102;100,112,124,125;85,84,72,60,48,36,24,12,0,1,2,3,4,5,6,7,8,9,10,22,34,46,58,70,82,83
12,0,30,11;106,107,95,83,82;101,89,77,78,79;26,27,28,29;5,4,3,2,1,0,12,24,36,48,60,72,84,96,108,120,132,133,134,135,136,137,138,139,140,141,142,143,131,119;50,62,74,86,98,110,111,112,113,114,102,90,91,92,80,81,69,70,71,59,47,35,23,11,10,9,8,7,6,18,30,31,32,33;118,117,116;99,87,75,63,51,52,53,54,55;128,129,130;94,93,105,104,103,115,127,126,125,124,123,122,121,109,97,85,73,61,49,37,38,39,40,41,42,43,44,45;17,16,15,14,13,25;100,88,76,64,65,66,67,68,56,57,58,46,34,22,21,20,19
12,0,1,12;25,13,14,15,16;143,142,141,140,139,138,137,136,135,134,133,132,120;129,130,131,119,107,95,83,71,59,47,35,23,22;44,56,68,80,81,82,70,58,46,34;97,96,84,72,60,48,49,50,51,52,64,76,75,74;43,55,67,79,91,92,93,94,106,118,117,116,128,127,126,125,124,123,122,121,109,108;40,39,38,37,36,24,12,0,1,2,3,4,5,17,18,19,20,21,33;69,57,45;113,114,115,103,104,105;26,27,28,29,41,53,65,77,89,88,87,99;11,10,9,8,7,6;32,31,30,42,54,66,78,90,102,101,100,112,111,110,98,86,85,73,61,62,63
12,0,2,10;104,103,102;134,135,136,137,138,139,140,141,142,143,131,119,107,95,83,71,70,69,68,67,66,78,90,91,92,93,105,117,116,115,114,113,101,100,99,87,75,63,51,39,27,28,29,30,31,32,33,45,46;120,108,109,110;58,57,56,44,43,42,41,40,52,64,76;112,124,125,126,127,128,129,130,118,106,94,82,81,80,79;1,0,12,24,36,48,60,72,84,96,97,98,86,74,62,50,38,26,14,15,16,17,18,19,20,21,22,34;2,3,4,5,6,7,8,9,10,11,23,35,47,59;55,54,53,65,77,89,88;85,73,61,49,37,25,13;132,133,121,122,123,111
12,0,3,11;106,118,130,142,141;143,131,119,107,95,83,71,59,47,35,23,11;94,93,81,69,57,45,33,21,20;91,92,104,105,117,129;111,99,100,101,89,77,65,53,54;12,0,1,2,3,4,5,6,7,8,9,10,22,34,46,58,70,82;132,120,108,96,84,72,60,48,36,24,25,13,14,15,16,17,18,19,31,32,44,56,68,80,79,78,90,102,114,113,112,124,123,122,110,98,86,87,88,76;125,126,127,115,103;75,74,62,50,51,39;66,67,55,43,42,30,29,28,27,26,38,37,49,61,73,85,97,109,121,133,134,135,136,137,138,139,140,128,116;41,40,52,64,63
12,0,4,13;92,104,103,102,101,113,125,124,123,122,121,109;91,90,89;25,26,27;99,87,86,85,84,72,60,48,49,50,51;31,30,29,28,40,52,53,54,66,67;32,33,21,9,8,7,6,5,4,3,2,1,0;74,75,76,88,100,112,111,110,98,97,96,108,120,132,133,134,135,136,137;55,56,68,80,79,78,77,65,64,63,62,61,73;106,118,130,129,128,127;24,36,37,38,39;10,11,23,35,47,59,71,83,95,107,119,131,143,142,141,140,139,138,126,114,115,116,117,105,93,81,69,57,45,44,43,42,41;94,82,70,58,46,34,22;12,13,14,15,16,17,18,19,20
12,0,5,9;51,63,75,87,99,111,123,135,136;21,20,32,44,56,68,80,81,93,105,117;69,57,45,33;82,94,106,118,130,129,128;92,91,79,67,55,43,31,19,7,8,9,10,11,23,35,47,59;138,126,114,113,101,89,77,65,53,41,29,17,16,15,14,13,12,24,36,48,60,72,84,96,108,120,132,133,134,122,110,98,86,74,62,50,38,39;121,109,97,85,73,61,49,37,25,26,27,28,40,52,64,76,88,100,112,124,125,137;104,103,102,90,78,66,54,42,30,18,6,5,4,3,2,1,0;22,34,46,58,70,71,83,95,107,119,131,143,142,141,140,139,127,115,116
12,0,6,9;93,94,82,70,58,46,34,22,21,20,19,18,17,16,15,14;81,69,68,67,66,65,64,76,88,89,90,91,103,115;131,143,142,141;61,73,85,97,109,121,122,123,124,125,126,127,128,116,117,105,106;113,112,111,110,98,86,74;13,25,26,27,28,29,30,31,32,33,45,57,56,55,54,53,52,51,63,75,87,99,100,101,102,114;77,78,79,80,92,104;62,50,49,48,60,72,84,96,108,120,132,133,134,135,136,137,138,139,140;129,130,118,119,107,95,83,71,59,47,35,23,11,10,9,8,7,6,5,4,3,2,1,0,12,24,36,37,38,39,40,41,42,43,44
12,0,7,10;71,83,95,107,119,131,143,142,141,140;93,81,80;121,109,97,85,73,61,49,37,25,13,14,15,16,17,18,19,20,21,22,34,46,58;59,47,35,23,11,10,9,8,7,6,5,4,3,2,1,0,12,24,36,48,60,72,84,96,108,120,132,133;52,64,65,66,78,90,102,103,104,105;77,89,101,113,112,111,123;92,91,79,67,55,54,53,41,40,39,51,63,75,76,88,100,99,98,110,122,134;124,125,126,114,115,116,117;31,32,33,45,57;135,136,137,138,139,127,128,129,130,118,106,94,82,70,69,68,56,44,43,42,30,29,28,27,26,38,50,62,74,86,87
12,0,8,13;13,25,26,27,28,40,52,64,76,75,74,73;37,38,39,51,63,62,61,60,72,84,96,108,120,132,133,134,135,136,137,138,139,140,141,142,130,118,106,94,93,81,80,68,56,44,32,31,19,7,6,5,4,3;129,128,127,126,114;117,116,115,103;58,46,34,22,10,9,8;85,86,87,99;50,49,48,36,24,12,0,1,2,14,15,16,17,18,30,42,54,66,78,90,102,101;43,55,67,79,91,92,104,105;100,112,111,110,98,97;20,21,33,45,57,69,70,82,83,95,107,119,131,143;29,41,53,65,77,89,88;71,59,47,35,23,11;113,125,124,123,122,121,109
12,0,9,12;71,83,95,94,106;101,89,77,65,66,67,68,69,57,45,46;42,30,18,17,16,15,14,13,25,37,49,61,62,63;40,39,51,50;132,120,108,96,84,72,60,48,36,24,12,0,1,2,3,4,5,6,7,8,9,10,11,23,35,34,33,32,44,56;75,74,73,85,97,109,121,133,134,135,136,137,138,139,140,141,142,143,131,119,107;38,26,27,28,29,41;100,88,87,86,98,110,122,123,124,125,126,127;130,118,117,105,93,92,91;22,21,20,19,31,43,55,54,53,52,64,76;129,128,116,104,103,102,90,78,79,80,81,82,70,58,59,47;115,114,113,112,111,99
12,0,10,13;105,106,107,95,83,71,59,47,35,23,11,10,9,8,7,19,31,43,55,54,66,78,90,89;12,0,1;33,45,57,56,68,67,79;76,64,52,40,28;69,81,80;44,32,20,21,22,34,46,58,70,82,94,93,92,104;141,140,139,138,137,136,135,134,133,132,120,108,96,84,72,60,48,36,24,25,13;128,127,126,125,124,123,122,121,109,97,85,73,61,49,37;91,103,102,101,100,99;129,130,142;77,65,53,41,42,30,18,6;88,87,75,63,51,39,27,15,16,17,29;143,131,119,118,117,116,115,114,113,112,111,110,98,86,74,62,50,38,26,14,2,3,4,5
12,0,11,14;103,91,79,80,81,82,70,58,46,34,22;38,37,25,13,14,15,16,28;30,42,54;102,90,78,66,67,68,69;50,49,48,36,24,12,0,1,2,3,4,5,6,7,8,20,32,44;60,72,84,96,108,120,132,133,134,122,110,111,112;57,56,55,43,31,19,18,17,29,41,40,39,27,26;124,125,126,127,128,129,130,118,106;74,75,87,88,100;51,52,53,65;45,33,21,9,10,11,23,35,47,59,71,83,95,107,119,131,143,142,141,140,139,138,137,136,135,123;104,92,93,94;121,109,97;105,117,116,115,114,113,101,89,77,76,64,63,62,61,73,85,86,98,99
12,0,12,13;30,31,19;13,25,37,49,61,73,85,97,98,99;18,17,16;110,111,112,100,88,87,86,74,62,63,64,65,53;105,93,94,82,70,58,46;52,51,50;10,11,23,35,47,59,71,83,95,107,119,131,143,142,141,140,139;44,45,57,69,81;33,32,20,8,7,6,5,4,3,15,27,28,29;117,116,104,92,80,68,56,55,43,42,41,40,39,38,26,14,2,1,0,12,24,36,48,60,72,84,96,108,120,132,133,134,135,136,137,138,126,114,102,90,78,77,76,75;106,118,130,129,128,127,115,103,91,79,67,66,54;9,21,22,34;89,101,113,125,124,123,122,121,109
12,0,13,11;13,25,37,49,50,51,52,53,65,77,78,79,91,92;123,122,121,109,97,85,86;107,119,131,143,142,141,140,139,138,137,136,135,134,133,132,120,108,96,84,72,73;31,32,33,45,46,58,70,82;66,67,68,80;93,81,69,57,56,44,43;71,59,47,35,23,11,10,9,8,7,6,5,4,3,15,27,28,29,30;34,22,21,20,19,18,17,16;98,110,111,112,124,125,126,127,128,129,130;105,104,103,102,90,89,88,76,64,63;83,95,94,106,118,117,116,115,114,113,101,100,99,87,75,74,62,61,60,48,36,24,12,0,1,2,14,26,38,39,40,41,42,54,55
12,0,14,9;79,67,66,65,77,89,101,102,103,104,105,93,81,69,57,45,44;127,128,129,130,131,119,107,95,83,71,59,47,35,23,22,21,20,19,18,17,29,41,53,52,64,76,88,100,112,124,123,122;143,142,141,140,139,138,126;30,42,54,55,56,68,80,92,91,90,78;16,28,40,39,51,63,75,87,99,111,110,109,121,133,134,135,136,137,125,113,114,115,116,117,118,106,94,82,70,58,46,34,33,32,31,43;11,10,9,8,7,6,5,4,3,2,14,13,25,37,49,61,73,85;1,0,12,24,36,48,60,72,84;132,120,108,96,97,98,86;15,27,26,38,50,62,74
12,0,15,13;14,26,38,50,62,74,86,98,110,122,121;13,25,37,49,61,73,85,97,109;31,30,29;89,90,91,92,104,116;117,105,93,81,80,79,78,77,76;112,113,101,102,103,115,127,128,129,130,118,106,94,82,70,69,68,67,66,65,64,63,75,87,88;139,140,141,142,143,131,119,107,95,83,71,59,47,35,34,22,21;100,99,111,123,124,125,126,114;17,18,19,20,32,44;46,45,33;138,137,136,135,134,133,132,120,108,96,84,72,60,48,36,24,12,0,1,2,3,15,16,28,40,41,42,43,55,56,57,58;23,11,10,9,8,7,6,5,4;27,39,51,52,53,54
12,0,16,14;77,78,79,80;112,124,123,122,121;118,130,129,128,127,126,125,113,101,100;99,87,88,89,90,91,92,93,81,82,70,58,46,34;114,115,116,117;30,18,17;111,110,109,97,85,73,61,62,63,51,52,53,65,66,67,68;11,10,9,8,20,32,33;21,22,23,35,47,59,71,83,95,94,106,105,104,103,102;98,86,74,75,76,64;13,25,37,49,50;69,57,45,44,43,31,19,7,6,5,4,3,15,27;56,55,54,42,41,29,28,16;40,39,38,26,14,2,1,0,12,24,36,48,60,72,84,96,108,120,132,133,134,135,136,137,138,139,140,141,142,143,131,119,107
12,0,17,13;8,7,19,31,32;39,38,37,49,48,60,72,84,85,86,74,75,76,77;97,96,108;120,121,122,123,124,125,113;132,133,134,135,136,137,138,139,140;36,24,12,0,1,2,3,4,5,6,18,30,42,43,44,56,68,80,92,104,105,106,94,82,70,58,46,34,22;109,110,98,99,87,88,89,90,78,66,65,64,63,62,61,73;142,130,118,117,116,115,103,91,79,67,55,54,53,41,40,28,27,26,25,13;52,51,50;29,17,16,15,14;111,112,100,101,102,114,126,127,128,129,141;33,45,57,69,81,93;143,131,119,107,95,83,71,59,47,35,23,11,10,9,21,20
12,0,18,11;67,55,54,53,52,51,63,75,87;114,113,112,111,110,109,97,85,73,61,49,37,25,13,14,15,27,39,40,41;117,116,115,103,91,79,78,77;66,65,64,76,88,89,90,102;139,140,141,142,143,131,119,107;95,94,93,81,69,70,58,46,34,22,21,20,19,18,17,5,4,3,2,1,0,12,24,36,48,60,72,84,96,108,120,132,133,134,135,136,137,138,126,127,128,129,130,118;121,122,123,124,125;42,43,44;106,105,104,92,80,68,56,57,45,33,32,31,30,29,28,16;26,38,50,62,74,86,98,99,100,101;6,7,8,9,10,11,23,35,47,59,71,83,82
12,0,19,12;69,81,80,79,67,55,54,42,30,18,19;72,73,85,97,109,121,122,123,135,136,137;57,45,33,32,31;89,90,78,66;43,44,56,68;20,21,22,34,46,58,70,82,94,106,118,117,116,104,103,102,101,100,88,76,77,65,53,41,29,17,16,15,14,13,25;110,98,86,74,62,50,51,39;8,9,10,11,23,35,47,59,71,83,95,107,119,131,130,129,128,127,115,114,113;7,6,5,4,3,2,1,0,12,24,36,48;91,92,93,105;84,96,108,120,132,133,134;60,61,49,37,38,26,27,28,40,52,64,63,75,87,99,111,112,124,125,126,138,139,140,141,142,143
12,0,20,14;75,63,51,39,40,41,42,43,44,45,57,69,81,93,105,117,116,115;91,90,89,101,100,112;10,9,8,7,6,5,4,3,2,1,0,12,24,36,48,49,61,73,85,97,109,121,122,123,124,136,137,138,139,140,141,142,143,131,119;65,77,78,79,80,92,104,103,102,114;22,21,20,19,31,30,29,28,27;55,56,68;46,58,70,82,94,106,118,130,129,128,127,126,125,113;135,134,133,132,120,108,96,84,72,60;13,25,37;67,66,54,53;52,64,76,88,87,99,111;32,33,34;107,95,83,71,59,47,35,23,11;18,17,16,15,14,26,38,50,62,74,86,98,110
12,0,21,10;118,130,129,128,127,126,125,113,112,111,110,122,121;7,8,9,10,22,34,46,58,57,56,55,54;124,136,137,138,139,140,141,142,143,131,119,107,95,83,82,81,80,79,91,103,104;26,38,50,62,74,73,72,60,48,36,24,12,0,1,2,3,4,5,6,18,19;11,23,35,47,59,71,70,69,68,67,66,78,90,102,114,115,116,117,105,106;14,13,25,37,49,61;17,16,15,27,39,51,63,75,87,86,85,84,96,108,120,132,133,134,135,123;20,32,31,30,29,28,40,52,64,76,88,100,99,98,97,109;101,89,77,65,53,41,42,43,44,45,33,21;92,93,94
12,0,22,8;68,80,92,104,103,102,101,100,88,76,64,63,51,39,40,41,42,54,66,78;86,85,73,61,49,37;56,57,69,81,93,105,117,116,115,114,113,112,124,123,122,121;98,97,96,84,72,60,48,36;136,137,138,139,140,141,142,143,131,119,107,95,83,71;135,134,133,132,120,108,109,110,111,99,87,75,74,62,50,38,26,27,28,29,30,31,32,33;24,12,0,1,2,3,4,5,6,7,8,9,10,11,23,35,47,59,58,70,82,94,106,118,130,129,128,127,126,125;25,13,14,15,16,17,18,19,20,21,22,34,46,45,44,43,55,67,79,91,90,89,77,65,53,52
12,0,23,12;65,77,76;38,37,25,13,14,15,16,17,18,30,31,32,33,45,57;43,55,67,79;44,56,68,80,92,91,90,78,66,54,42;19,20,8,9,10,11,23,35,47,59,71,83,82,94,106,118,130,129,128,127,126,125,124,112,111,110;88,89,101,102,103,104;87,86,74,62,50,51,39,40;113,114,115,116,117,105,93,81,69,70,58,46,34,22,21;75,63,64,52,53,41,29,28,27,26;49,61,73,85,97,98,99,100;109,121,122,123,135,136,137,138,139,140,141,142,143,131,119,107,95;7,6,5,4,3,2,1,0,12,24,36,48,60,72,84,96,108,120,132,133,134
12,0,24,10;81,69,57,56;55,67,68,80;32,31,30,29,28,27,26,38,50,62,63,64,76,88;124,112,100,99,87,75,74,73,61,49,37,25,13,14,15,16,17,18,19,20,21,22,34,46,58,70,82,94,93;130,129,128,127,115,103,91,79;97,109,121,122;105,106,107,95,83,71,59,47,35,23,11,10,9,8,7,6,5,4,3,2,1,0,12,24,36,48,60,72,84,96,108,120,132,133,134;33,45,44,43,42,41,40,39;54,66,78,90,102,114,126,138,139,140,141,142,143,131,119,118,117,116,104,92;51,52,53,65,77,89,101,113,125,137,136,135,123,111,110,98,86,85
12,0,25,12;26,38,37,36,48,60,72,73,74,86,98,97,109,121,122,123,124,125,126,127,115,103,91,92;68,69,57,45,33;43,42,41;117,129,141,142,143,131,119,107,95,83,71,59,47,35,23,11,10,9,8,7,6,5,4,3,2,14,13,25;80,79,67,66;32,44,56,55,54,53;87,99,100,101;85,84,96,108,120,132,133,134,135,136,137,138,139,140,128,116,104,105,93,81,82,70,58,46,34,22,21,20,19,31,30,29,28,40,52,64,65,77,78,90,102,114,113,112,111,110;49,61,62,63,75,76,88,89;18,17,16,15,27,39,51,50;130,118,106,94;1,0,12,24
12,0,26,12;22,34,46,58,70,82,94,106;77,65,53,52,51,39,27,15,14,13;43,55,67,79,91,103,102,114,113,125,137,136,135,134,133,132,120,108,96,84,72,60,48,36;101,100,112,124;87,99,111,123,122,121,109,97,85,73,61,49,37,25,24,12,0,1,2,3,4,16;138,139,140,141,142,143,131,119,107,95,83,71,59,47,35,23,11,10,9,8,7,6,5,17,29,28;90,89,88,76,64,63,62,50,38,26;78,66,54,42,41,40;130,118,117,105,93,81,69,57,45,33,21,20,19,18,30;126,127,115;110,98,86,74,75;129,128,116,104,92,80,68,56,44,32,31
12,0,27,12;130,118,106,94,82,70;30,29,41,40,52,64;109,121,122,123,124,125,126,114,102,103;75,63,51,39;111,112,113,101,89,90,91,92,104,116,115,127,139,138,137,136,135,134,133,132,120,108;42,43,31,19,20,21,22,34,46,45,57,69,68,67,66,78,77,76,88,100,99,98,110;141,142,143,131,119,107,95,83,71,59,58;5,4,3,15,14,13,25,37,49,61,73,85;2,1,0,12,24,36,48,60,72,84,96,97;87,86,74,62,50,38,26,27,28,16,17,18,6,7,8,9,10,11,23,35,47;140,128,129,117,105,93,81,80,79;33,32,44,56,55,54,53,65
12,0,28,11;1,0,12,24,25,37,49,61,73,85,97,109,121,122,123,124,136,137,138,139,140,141;131,119,107,95,83,71,59,47,35,23,22,21;33,34,46,58,70;135,134,133,132,120,108,96,84,72,60,48,36;90,89,88,76;143,142,130,129,128,127,126,125,113,112,111,110,98,86,74,62,50,51,52,53,54,66,67,79,91,103,104;15,16,17,18,19,20,32,44,45,57,69,81,82,94,106,118;117,116,115,114,102,101,100,99,87,75,63,64,65,77,78;27,28,29,30,31,43,55,56,68,80,92,93,105;26,38,39,40,41,42;13,14,2,3,4,5,6,7,8,9,10,11
12,0,29,14;110,98,86,87,75,63;3,2,1,0;114,115,116,117;106,118,130,129,128,127,126,125,124;99,100,88,76,64,52,51,39,27,26,25,37,49,61,73,85,97;103,104,105,93,94,82,70,58,46,34,22;65,77,89,101,113,112,111,123,122,121,109;14,13,12,24,36,48,60,72,84,96,108,120,132,133,134,135,136,137,138,139,140,141,142;18,30,42,41,53;67,68,56,44,32,20,8,7,6,5,17,29,28,40;74,62,50,38;4,16,15;143,131,119,107,95,83,71,59,47,35,23,11,10,9,21,33,45,57,69,81,80,79,78,66,54,55,43,31,19;92,91,90,102
12,0,30,11;55,54,53,52,51,50,62,61,73,85,86;30,18,19,20,21,22,34,46,58,70,82,94,106,118,130,142,141,140,139;97,98,99,87,88,89,90,91,92,93,81,69,57,45,33,32,31;29,17,5,6,7,8,9,10,11,23,35,47,59,71,83,95,107,119,131,143;74,75,76,77,78,79,80,68,56,44,43,42,41,40,28,16,4,3,2,1,0,12;122,123,135,136,137,138,126,127,128,129,117,105,104,103,102,101,100;125,113,114,115,116;39,27,15,14,13,25,24,36;121,109,110,111,112,124;63,64,65,66,67;26,38,37,49,48,60,72,84,96,108,120,132,133,134
12,0,1,12;85,97,109,121,122,123,135,136,137;37,25,13,14,15,16,17,18;39,40,41,42,43,44;68,69,70,82,94,106,118,130,129,128;65,53,54,55,56;71,83,95,107,119,131,143,142,141,140,139,138,126,125,124,112,111,110,98,86,74,73,61,49;51,52,64;134,133,132,120,108,96,84,72,60,48,36,24,12,0,1,2,3,4,5,6,7,8,9,10,11,23;46,34,22,21,20,19;67,66,78,77,76,88;127,115,116,117,105,93,81,80,79,91,90,89,101,100,99,87,75,63,62,50,38,26,27,28,29,30,31,32,33,45,57,58,59,47,35;92,104,103,102,114,113
12,0,2,13;29,30,31,19,7,6,5,4,3,2,14,13;116,128,127,126,125,124,123,122,121,109,97,85,73,61,49,37;143,131,119,107,95,83,71,59,47;25,26,27,15;68,80,92,104,103,115,114,113,112,111,110,98,86,74,62,50,38,39;82,81,69,57,56;106,118,130,142,141,140,139,138,137,136,135,134,133,132,120,108,96,84,72,60,48,36,24,12,0,1;99,87,75,63,51,52,40,41,42,43,44,32,20,8,9,10,11,23,35,34;100,88,76,64,65,53,54,55,67,79,91,90;22,21,33,45,46,58,70;94,93,105,117,129;18,17,16,28;102,101,89,77,78,66
12,0,3,14;27,26,38;98,97,96,84,72,60,48,36,24,12,0,1,2,3,4,5,6,7,8,9,10,22,34,46,58,70,69,68,56,44,32,31;74,75,76,88,100,112,124,136,137,138,139,140;130,118,106,94,82;121,133,134,135;129,141,142,143,131,119,107,95,83,71,59,47,35,23,11;81,80,92,104,103;52,53,41,29;50,51,39,40,28,16,17,18,30,42,54,66,78;123,122,110,109,108,120,132;15,14,13,25,37,49,61,62,63,64,65,77,89,101,113,125,126,127,128;57,45,33,21,20,19;43,55,67,79,91,90,102,114,115,116,117,105,93;111,99,87,86,85,73
12,0,4,10;66,65,64,63,62,74;45,33,32,31,30,29,28,40;121,122,123,124,112;70,71,83,95,107,119,131,143,142,141,140,139,138,137,136,135,134,133,132,120,108,109,110,111;69,68,67,55,54,53,52,51,39,27,15,16,17,18,19,20,21,22,34,46;94,106,118,130;102,114,115,116,104,92,80,79,78,77,76,75,87,86,85,73,61,49,37,25,13;14,26,38,50;41,42,43,44,56,57,58,59,47,35,23,11,10,9,8,7,6,5,4,3,2,1,0,12,24,36,48,60,72,84,96,97,98,99,100,88;103,91,90,89,101,113,125,126,127,128,129,117,105,93,81,82
12,0,5,13;50,51,52,53,54,55,56,44,45,46,34;31,43,42,41,40,39,38,26,14,15,16,17;130,118,106,94,82,81,80,79,78,90,102,114;135,123,122,121,109,108,96,84,72,60,48,36,24,12,0,1,2,3,4,5,6,7,19,20,32;8,9,10,11;57,58,59,47,35,23,22,21,33;129,117,105,93,92,91,103,115,127,126,125,113,101,89,88,76,75,74,73,61,49,37,25,13;62,63,64,65,77;86,87,99,100,112,124,136,137,138,139,140,141,142,143,131,119,107,95,83,71,70,69,68,67,66;111,110,98,97,85;104,116,128;134,133,132,120;27,28,29,30,18
12,0,6,11;141,129,117,105,93;140,128,116,115,114,126,125,124,123,122,110,98,99,100,88,89,90,78,66,54,42,43,44,45,46,47,35,23,11;59,71,83,95,107,119,131,143,142;68,69,70,58;48,36,24,12,0,1,2,14,26,27,28,16,17,18,19,20,21;13,25,37,38,39,40,41,53,65,77,76,75,87,86,85,97,109,121,133,134,135,136,137,138,139,127;73,74,62,63;111,112,113,101,102,103,91,79,67,55,56,57;29,30,31,32,33,34,22,10,9,8,7,6,5,4,3,15;132,120,108,96,84,72,60,61,49,50,51,52,64;104,92,80,81,82,94,106,118,130
12,0,7,10;110,111,112,113,101,89,77,78,79,91,103,115,116,117,118,119,131,143,142,141,140,139,138,137,136,135,134,133,132,120,108,96;48,60,72,84,85,86,87,75,63,62;125,124,123,122,121,109,97,98,99,100,88,76,64,65,66,67,68,69,81,82;130,129,128,127,126,114,102,90;32,31,30,29,28;13,25,37,49,61,73,74;80,92,93,94,95,83,71,59,47,35,23,11,10,9,8,7,6,5,4,3,15,27,39,40,41,42,43,44,45,33;104,105,106,107;70,58,46,34,22,21,20,19,18,17,16;36,24,12,0,1,2,14,26,38,50,51,52,53,54,55,56,57
12,0,8,13;11,10,22,34,46,45,44,56;105,117,116,115;0,1,2,3,4;91,90,89,101,100,99,98,97,85;38,39,40,41,42,43,31;57,58,59,47,35,23;32,20,19,18,30,29,28,27,26,25,37,49,61,73,74,75;127,128,129,130,118,106,94,82,81,80,79,78,66,65,64,63;86,87,88,76,77;126,125,124,123,122;93,92,104,103;102,114,113,112,111,110,109,121;33,21,9,8,7,6,5,17,16,15,14,13,12,24,36,48,60,72,84,96,108,120,132,133,134,135,136,137,138,139,140,141,142,143,131,119,107,95,83,71,70,69,68,67,55,54,53,52,51,50,62
12,0,9,9;65,66,54,42,41,40,28,16,4,3,2,1,0,12,24,36,48,60,72,84,96,108,120,132,133,134,135,136,124,112,111,110,98,86,74,62,50,38,26;55,67,79,78,77,89;126,114,102,90,91,92,80;53,52,64,76,88;5,17,29;128,127,115,103,104;68,56,44,43,31,19,20,21,22,34,46,58,70,82,94,106,118,130,129,141,140,139,138,137,125,113,101,100,99,87,75,63,51,39,27,15,14,13,25,37,49,61,73,85,97,109,121,122,123;30,18,6,7,8,9,10,11,23,35,47,59,71,83,95,107,119,131,143,142;116,117,105,93,81,69,57,45,33,32
12,0,10,12;40,41,42,54,66,67;79,91,103,115,116,128;121,122,123,124,125,126,127;75,63,51,39,27,28,29,30;52,53,65,77,78;17,18,6,7,8,9,10,22;101,100,99,98,97,96,84,72,60,48,36,24,12,0,1,2,3,4,5;16,15,14,26,38,50,62,74;143,131,119,107,95,83,71,59,47,35,23,11;32,44,45,57,69,81,93,94,106,118,130,142,141,140,139,138,137,136,135,134,133,132,120,108,109,110,111,112,113,114,102,90,89,88,76,64;87,86,85,73,61,49,37,25,13;129,117,105,104,92,80,68,56,55,43,31,19,20,21,33,34,46,58,70,82
12,0,11,11;50,51,39,40;52,64,63,62,74,86,98,110,122,123,124,112,100;54,66,78,90,102,114,126,138,139,140,141,142,143,131,119,107,95,83,71,59;130,129,128,127;101,113,125,137,136,135,134,133,121,109,97,85,73,61,49,37,25,13,14,15,16,17,18,19,20,8,9,10,11;58,46,47,35,23,22,21;132,120,108,96,84,72,60,48,36,24,12,0,1,2,3,4,5,6,7;88,89,77,65,53,41,42,43,55,67,79,91,103,115,116,117,118,106,94,82,70;34,33,45,57,69,81,93,105;38,26,27,28,29,30,31,32,44,56,68,80,92,104;76,75,87,99,111
12,0,12,13;17,18,19;112,113,114,115,116,128,129,130,118;78,66,54,55;80,81,82,83,95,107,119,131,143,142,141,140,139,138,137,136,135,134,133;100,101,102,90,91,92,93,94,106;97,96,84,72,60,48,36,24,12,0,1,2,3,4,5,6,7,8,9,10,11,23,35,47,59,71,70,69;103,104,105,117;42,43,44,45,33;85,73,61,49,37,25,13,14,15,16;127,126,125,124,123,122,121;111,99,87,88,89,77,65,53,41,40,28,27,26,38,50,62,63;132,120,108,109,110,98,86,74,75,76,64,52,51,39;29,30,31,32,20,21,22,34,46,58,57,56,68,67,79
12,0,13,12;68,56,44,32,31;129,130,118,106;40,39,27,26;78,77,89,88,87,86,98,97,109;43,55,67,66,65,64,63,62,61,49;85,84,96,108,120,132,133,134,135,136,137,138,139,140,141,142,143,131,119,107,95,83,71,59,47,35,23,11,10,9,8,7,6,5,17,29,41;99,100,101,102,90,91,79,80,81,69,57,45,33,34;123,124,125,126,127,128,116,117,105;52,51,50,38,37,25,13,14,15,16,28;46,58,70,82,94,93,92,104,103,115,114,113,112,111,110,122,121;4,3,2,1,0,12,24,36,48,60,72,73,74,75,76;53,54,42,30,18,19,20,21,22
12,0,14,12;131,130,129,128,140;67,66,65,64,76,88,87;99,100,101;139,127,115,116,117,118,119,107,95,83,71,59,47,35,23,11,10,9,8,7,6,5,17,29,41,42,43,44,56,68,80,79,78,77,89;37,49,61,73,85,97,109,110,111,112;55,54,53,52,40,28,16,4;143,142,141;12,13,14;0,1,2,3,15,27,39,51,63,75;121,122,123,124,125,113,114,102,90,91,92,93,81,69,57,45,33,32,31,30,18;103,104,105,106,94,82,70,58,46,34,22,21,20,19;126,138,137,136,135,134,133,132,120,108,96,84,72,60,48,36,24,25,26,38,50,62,74,86,98
12,0,15,10;98,99,100,101,102;32,33,45,57,69,81,93,105,104,103;76,75,74,73,72,84,96,108,120,132,133,134,135,136,137,138,139,140,141,142,143,131,119,107,95,83,71,59,47,35,23,11,10,9,8,7,6;117,116,115,114,113,112,111,110;30,29,28,16;20,21,22,34,46,58,70,82,94,106,118,130,129,128,127,126,125,124,123,122,121,109,97,85,86,87,88,89,77;79,67,55,54,53,52,51,50,49,37,25,26;38,39,27,15,14,13,12,24,36,48,60,61,62,63,64,65,66,78,90,91,92,80,68,56,44;0,1,2,3,4,5,17,18;40,41,42,43,31,19
12,0,16,13;110,98,86,87,88,76,64,65,66,67,55;14,26,38,50,62,61,60,72,84,96,108,120,132,133,134,135,123,111;99,100,112,124,125,126,114,102,90,91,92,104;136,137,138,139,127,128,129,130,118,106,94,82,70,69,68,56;46,34,22,21,20,19,18,17,16,15,27,39,51,63,75,74;57,58,59,71,83,95,107,119,131,143,142,141,140;47,35,23,11,10,9,8,7,6,5,4,3;13,25,37,49;54,53,52,40,28,29,30,31,32,33,45;113,101,89,77,78,79,80,81,93,105,117,116,115,103;48,36,24,12,0,1,2;41,42,43,44;73,85,97,109,121,122
12,0,17,14;81,80,92,104,103,102,90,78,77,65,53,41,29,28,27;83,71,59,47,35,23,11,10,9,21,33,32,31,30,42;22,34,46,58,57,56;45,44,43,55,54;66,67,79,91;76,64,52,40,39,38,26;82,70,69,68;2,1,0,12,24,36,48,60,72,84,96,108,120,121,122;114,115,116,117,105,93,94;51,63,75,74,86,98,99,100,112,124,136,137,138,139,140,141,142,143,131,119,107,95;7,6,5,4,3,15,14,13,25,37,49;8,20,19,18,17,16;87,88,89,101,113,125,126,127,128,129,130,118,106;50,62,61,73,85,97,109,110,111,123,135,134,133,132
12,0,18,11;11,10,22,34,33,45,57,69,70,82,94,106,118,117,129,128,127,126,114,102,103,91,92;23,35,47;99,100,88,76,77,65,66,54;80,68,56,44,32,20,21,9;61,49,37,25,13,14,15,16,17;81,93,105,104,116,115;27,26,38,50,62,74,73,85,97,109,121,122,123,111,112;46,58,59,71,83,95,107,119,131,130;124,125,113,101,89,90,78,79,67,55,43,31,19,7,8;110,98,86,87,75,63,64,52,53,41,42;51,39,40,28,29,30,18,6,5,4,3,2,1,0,12,24,36,48,60,72,84,96,108,120,132,133,134,135,136,137,138,139,140,141,142,143
12,0,19,12;103,115,127,126,125,124;22,34,46,58,70,82,94,106,118,130,129,128,116,104;38,50,62,61;15,14,13,12,24,36,48,60,72,84,96,108,120,121,122,123,111,99,100,101,89,77,78,66,54,42;69,81,93,105,117;41,53,65;110,98,86,87,88,76,64,52,40,28,29,17,5,6,7,8,9,10,11,23,35,47,59,71,83,95,107,119,131,143,142,141,140,139,138,137,136,135,134,133,132;30,31,43,55,67,79,91,90,102,114,113,112;16,4,3,2,1,0;18,19,20,32,44,56,68,80,92;57,45,33,21;109,97,85,73,74,75,63,51,39,27,26,25,37,49
12,0,20,10;119,131,143,142,141,140,139,138,137,136,135,134,133,121,109,110,111,112,100,101,102,103,104,92,80,68,56,55,54,66,78,77,76,75,74;132,120,108;12,13,25,26,27,15,3,4;29,30,18,6,7,8,9,10,11;24,36,37,38,39,40,28,16,17,5;81,69,57,45,44,32;14,2,1,0;52,51,50,49,48,60,72,84,96,97,98,99;67,79,91,90,89,88,87,86,85,73,61,62,63,64,65,53,41,42,43,31,19,20,21,22,23,35,47,59,71,83,95,107,106,118,130,129,128,127,126;122,123,124,125,113,114,115,116,117,105,93,94,82,70,58,46,34,33
12,0,21,13;74,75,87,99,100,112,124;23,35,47,59,71,83,95,107,119,131,143,142,141,140,139,138,126,114,115,116,117,105,93,81,69,57,56,55,54,66,78,77,76,64,63,62,50,38;25,13,14,15,16,28,29,30,31,43;104,92,80,68,67;65,53,52,51;88,89,90,91,79;11,10,22,34,46,58,70,82,94,106,118,130,129,128,127;97,109,121,122;136,137,125,113,101,102,103;37,49,61,73,85,86,98,110,111,123,135,134,133,132,120,108;45,33,21,9,8,7,6,5,4,3,2,1,0,12,24,36,48,60,72,84,96;42,41,40,39,27,26;44,32,20,19,18,17
12,0,22,12;52,64,76,88;82,81,80,92,91,103,115,127,126,125,124,123,122,121,109,97,85,73,61,49,37,25,13,14;70,58,46,34,22;79,67,68;90,102,114,113,112,100,99,87,75,63,51,39,40,28,16,4,5,6,7,8,9,10,11,23,35,47,59,71,83,95,107;17,18,19,20,21;130,129,128,116;106,94,93;111,110,98,86,74,62,50,38,26,27,15,3,2,1,0,12,24,36,48,60,72,84,96,108,120,132,133,134,135,136,137,138,139,140,141,142,143,131,119,118,117,105,104;33,32,31,30,29;45,44,43,42,41,53,65;69,57,56,55,54,66,78,77,89,101
12,0,23,14;42,54,53,52;30,29,28,27,26;51,63,64,65;116,117,118,119,107,95,83,71,59,47,35,23,11,10,9,8,7;79,80,68,56,44,32,33;142,141,140,139,138;18,17,16,15,14,13,25,37,49,61,73,85,97,109,110,111,99,100,101,102,103;98,86,87;31,43,55,67,66,78,77;126,125,137,136,135,134,133,132,120,108,96,84,72,60,48,36,24,12,0,1,2,3,4,5,6;41,40,39,38;121,122,123,124,112,113,114,115,127,128,129,130,131,143;50,62,74,75,76,88,89,90,91,92,93,81,69,57,45;19,20,21,22,34,46,58,70,82,94,106,105,104
12,0,24,11;31,30,29,28,16,15;122,110,111,99,87,75,63,51,52,53,65,77,89,101,113,114;13,25,37,38,50,62,74,86,98;96,108,120,132,133,134,135,136,137,138,139,140,128,116,104,92,80,68,56,44;32,33,45,57,69,81,93,105,117,129,141,142,143,131,119,107,95,83,71,59,47,35,23,11,10,9,8,7,6,5,4,3;112,100,88,76,64;85,73,61,49;130,118,106,94,82,70,58,46,34,22,21,20,19,18,17;97,109,121;123,124,125,126,127,115,103,91,79,67,55,43,42,41,40,39,27,26,14,2,1,0,12,24,36,48,60,72,84;54,66,78,90,102
12,0,25,14;123,111,112,100,88,76,64,63,62,50,38,39,40,41,42,43,55,67,68,80,92,93,94;90,78,66,54;139,140,141,142,143,131,119,118;107,95,83,82,81,69;137,138,126,127,115,116,117;22,34,46,47,59,71;45,33,21,20,19,18,17,16,15,14,13,25,37;104,105,106;110,98,99,87,75,74,73,61,49;79,91,103,102,114,113,125,124,136,135,134,122,121,109,97,85,86;128,129,130;35,23,11,10,9,8,7,6,5,4,3,2,1,0,12,24,36,48,60,72,84,96,108,120,132,133;70,58,57,56,44,32,31,30,29,28,27,26;51,52,53,65,77,89,101
12,0,26,11;103,91,79;108,120,121,122,123,124;10,9,8,7,6,5,4,3,2,1,0,12,24,36,48,60,72,84,85,86,87,88,76,64,52,40,39;57,69,81,93,105,117;75,63,51;11,23,22,21,20,19,18,30,42,54;73,61,49,37,25,13,14,15,16,17;132,133,134,135,136,137,138,139,140,141,142,143,131,119,107,95,83,71,59,47,35,34,33,32,31,43,55,67,66,78,90,102,114,115,116,104,92,80;109,110,111;96,97,98,99,100,112;68,56,44,45,46,58,70,82,94,106,118,130,129,128,127,126,125,113,101,89,77,65,53,41,29,28,27,26,38,50,62,74
12,0,27,11;91,103,104,116,128,127,126;130,118,106,94,82,70,58,46,45,33,32,31,30,29,28,40,39,51,63,62,74,86,98,110,111,112,113,101,89,88;81,69,57,56,44,43,42,41,53,52,64;125,124,123,122,121,109,97,85,73,61,49,50,38,26,27;142,141,129,117,105,93,92,80,68,67,55,54;16,17,18,19,20,21,22,34;15,14,13,25,37;66,65,77,76,75,87,99,100;115,114,102,90,78,79;140,139,138,137,136,135,134,133,132,120,108,96,84,72,60,48,36,24,12,0,1,2,3,4,5,6,7,8,9,10,11,23,35,47,59,71;83,95,107,119,131,143
12,0,28,10;127,128,129,117,105,93,81,80,68,56,44,43,31;66,65,77,89,101,100,112;103,102,90,78;32,33,34;47,35,23,11,10,9,8,7,6,5,4,3,2,1,0,12,24,36,48,60,72,84,96,108,120,132;42,30,18,19,20,21,22;111,99,87,88,76,64,52,40,28,27,26,38,50,62,61,73,85,97,109,121,133,134,135,136,137,138,126;139,140,141,142,143,131,119,107,95,83,71,59,58,46;45,57,69,70,82,94,106,118,130;39,51,63,75,74,86,98,110,122,123,124,125,113,114,115,116,104,92,91,79,67,55,54,53,41,29,17,16,15,14,13,25,37,49
12,0,29,11;93,105,117,129,130;118,106,94;113,112,111,99,98,97,109,121;134,135,136,137,138,139,140,141,142,143,131,119,107,95,83,71,59,47,35,23,11;127,115,103,91,90,89,77,65,66,54,55,56,57,45,33,21,9,8,7,6,5,4,3,2,1,0,12,24,36,48,60,72;78,79,67,68,69;29,30,31;10,22,34,46,58,70,82,81,80,92,104,116,128;110,122,123,124,125,126,114,102,101,100,88,76,64,52,53,41,42,43,44,32,20,19,18,17,16,15,27,26,38,50,62,74,86;87,75,63,51,39,40,28;14,13,25,37,49,61,73,85,84,96,108,120,132,133
12,0,30,12;27,26,38,50,62,74,86,87,88,100,101,102,103,104,92,80,79;20,21,22,34,46,45,44,43,55,54,66,78;132,120,108,96,84,72,60,48,36,24,12,0,1,2;63,51,39;89,90,91;16,17,29;94,106,118,130,129,128,127,126,125,124;75,76,64,52,40,28;56,57,58,59,47,35,23,11,10,9,8,7,19,31,32,33;123,122,110,98;77,65,53,41,42,30,18,6,5,4,3,15,14,13,25,37,49,61,73,85,97,109,121,133,134,135,136,137,138,139,140,141,142,143,131,119,107,95,83,82,81,93,105,117,116,115,114,113,112,111,99;67,68,69,70,71
12,0,1,13;30,18,17,16,15,14,13;134,133,132,120,108,96,84,72,60,61,62,74,86,87,99,100,112,124;48,49,50,51,63,75;53,54,55,56;104,105,106;116,117,118,119,107,95,83,71,59,47,35,34;131,143,142,141,140,139,138,126,114,102,90,78,79,80,81,82,70,58,46;98,110,111,123,135,136,137,125,113,101,89,77,65,66,67,68,69,57,45,44,43,42,41,29,28,27,26,25;23,11,10,9,8,20;94,93,92,91,103,115,127,128,129,130;22,21,33;73,85,97,109,121,122;32,31,19,7,6,5,4,3,2,1,0,12,24,36,37,38,39,40,52,64,76,88
12,0,2,13;106,94,82,70,58,46,34,33,32,44,43,55,67,79,91,103,115,127,128,129,130;136,135,134,133,121,109,97,85,73,74;126,114,102,90,78;80,68,56,57,45;53,52,64,76;116,104,92,93,81,69;123,122,110,98,86;75,63,51,39,27,26;105,117,118,119,131,143,142,141,140,139,138,137,125,113,101,100;40,28,16,15,14,13,25,37,38,50,62,61,60,72,84,96,108,120,132;22,21,20,19,31,30,42,54,66,65,77,89,88,87,99,111,112,124;49,48,36,24,12,0,1,2,3,4,5,17,29,41;18,6,7,8,9,10,11,23,35,47,59,71,83,95,107
12,0,3,11;26,27,39,51,63,75,76,88,100,112,111,110,109,108,120,132,133,134,135,136,137,138,139,140;60,72,84,96,97,98,99;22,21,20,19;103,115,116,117,105,93,81,69,68,67,66,65,64;85,73,61,49,48,36,24,12,0,1,2,3,4,5;77,78,79,80,92,104;6,18,17,29,41;121,122,123,124,125,113,101,89,90,91;141,142,143,131,119,107,95,83,71,59,47,46,45,44;102,114,126,127,128,129,130,118,106,94,82,70,58,57,56,55,43;7,8,9,10,11,23,35,34,33,32,31,30,42,54,53,52,40,28,16,15,14,13,25,37,38,50,62,74,86,87
12,0,4,13;27,28,16,17,18,19,20,21,22,34,46,45,44,56,68,80,92,91,103,102,101,100,99,98,86,74,62;136,137,138,139,140,141,142,143,131,119,107,95;104,105,93,81,69,57;122,121,109,108,96,84,72,60,48,36,37,38,26;134,135,123,124,125,126,127,128,129,130;53,52,64,63,75,87,88,89,90,78,79,67,55,43;115,116,117,118,106,94,82,70,58;133,132,120;114,113,112,111,110;24,25,13,14,15,3,4,5,6,7,8,9,10,11,23,35,47,59,71,83;2,1,0,12;33,32,31,30,29,41,40,39,51,50,49,61,73,85,97;42,54,66,65,77,76
12,0,5,11;133,132,120,108,96,84,72,60,48,36,24,12,0,1,2,3,4,5,6,7,19,31;22,21,33,45,57,56,55,54,53,41,29,28,27,26;49,61,73,85,97,109,121;76,75,63;98,99,100,101,102,103,104,105,106,94,82,70,58,46,34,35,23;44,43,42,30,18,17,16,15,14,13,25,37,38,39,40,52,64,65,77,78,79,80;32,20,8,9,10,11;66,67,68,69,81,93,92,91,90,89,88,87,86,74,62,50,51;125,126,127,128,129;47,59,71,83,95,107,119,131,143,142,141,140,139,138,137,136,135,134,122,110,111;123,124,112,113,114,115,116,117,118,130
12,0,6,14;106,118,130,142,141,140,139,138,137,136,135,123,111,99,87,88,76,64,52,40;36,24,12,0,1,2,3,4,5,17,18;100,112,124,125,126,127,115,116,104,92,80,81,69,57,45,46,34,22,23;6,7,19,31,30,42;83,95,107,119,131,143;121,109,97,85,73,61,62,50,38,26,14,15,16;67,79,91,103;71,59,47,35;11,10,9,21,33;113,114,102,90,78,66,54,55,56,68;101,89,77,65,53,41,29,28,27,39,51,63,75,74,86,98,110,122,134;13,25,37,49,48,60,72,84,96,108,120,132,133;58,70,82,94,93,105,117,129,128;8,20,32,44,43
12,0,7,11;82,83,95,107,119,131,143,142,141,140,139,138,137,136,135,134,122,110,98,86,74,62,61;87,88,89,77,65,66,54,42,41,40,39,51,63;120,108,96,84,72,60,48,36,24,12,0,1,2,3,4,5,6,7,8,9,10,11,23,35,47,59,71,70,69,57,45,44,43;81,93,94,106,118,130,129;53,52,64,76,75;117,105,104,103,115,114,113,112;58,46,34,22,21,20,19,18,17,16,15,14,13,25,37;49,50,38,26,27,28,29,30,31,32,33;73,85,97,109,121,133,132;56,68,80,92,91,90,102,101,100,99,111,123,124,125,126,127,128,116;78,79,67,55
12,0,8,13;43,31,32,20;44,56,55,54,42,30,18,6,5,4,16,28,40,39,51,50;60,61,49,37,38,26,27,15,3,2,1;21,33,45,57;68,67,66,65,64,63,62;52,53,41,29,17;0,12,13,14;98,110,111,112,113,114,126,127,128,129,130;22,34,46,58,70,69,81,80,79,78,77,76,75,74,73,72,84,96,108,120,132,133,134,135,136,137,138,139,140,141,142,143,131,119,107,95;125,124,123,122,121,109,97,85,86,87,88,89,90,91,92,104,105;48,36,24,25;106,118,117,116,115,103,102,101,100,99;19,7,8,9,10,11,23,35,47,59,71,83,82,94,93
12,0,9,13;116,128,127,126,125,124;15,16,17,18,19;123,122,121,109,97,85,86,74,62,61,60,48,36,24,12,0,1,2,3,4,5,6,7,8,9,10,11,23,35,47,59,71,83,95,107,119,131,143;38,39,40,52,64,76;111,110,98;53,41,29,28,27,26,14;112,113,114,115,103,104,105,117,129,141,140,139,138,137,136,135,134,133,132,120,108,96,84,72,73;66,65,77,89,88;57,56,44,43;82,81,80,79,78;142,130,118,106,94,93,92,91,90,102,101,100,99,87,75,63,51,50,49,37,25,13;34,46,58,70,69,68,67,55,54,42,30,31,32,20;45,33,21,22
12,0,10,11;125,124,112,100,88,76,64,52,40;69,68,80;20,21,22,23;126,138,137,136,135,134,133,132,120,108,96,84,72,60,48,36,24,12,0,1;13,25,37,49,61,73,85,97,109,121,122,123,111;11,10,9,8,7,19,31,32,33,34,35,47,59,71,83,95,107,119,131,143,142,141,140,139,127,115,114,113,101,89,77,65,53,41,29,28,27,39,51,63,75,87,99;57,56,55,67,79,91,92,93,81;6,5,4,3,2;128,116,117;54,66,78,90,102,103,104,105;129,130,118,106,94,82,70,58,46,45,44,43,42,30,18,17,16,15,14,26,38,50,62,74,86,98,110
12,0,11,13;12,0,1,2,3,4,5,6,7,8,9,10,11,23,35,47,59,71,83,95,107,119,131,143,142,141,140,139;32,44,56,57,58,46,34,22;81,93,105,117;125,124,123,122,121,109;101,89,77,65,64;68,69,70,82,94,106,118;14,26,27,28,29,30,31;102,90,78,66,54,53,52,51,63,75,76,88,100,112,111,110,98,97,85,73,61,49,37;126,138,137,136,135,134,133,132,120,108,96,84,72,60,48,36,24,25,13;103,91,79,67,55,43,42,41,40,39,38,50,62,74,86,87,99;130,129,128,127;15,16,17,18,19,20,21,33,45;113,114,115,116,104,92,80
12,0,12,13;126,138,139,140,141,142,143;52,64,65,66,67,68,80,92;45,44,56,55,54,53;4,3,2,1,0,12,24,36,48,60,72,84,96;118,117,116,104,103,91,79,78,77,76,75,63;8,7,6,5,17,16,15,14,13,25;88,100,112,111,110;82,70,58,46,34,22;102,114,115,127,128,129,130,131,119,107,106,105;74,62,50,51,39,40,41,42,43,31,32,33;90,89,101,113,125,124,123,122,121,109,97,98;99,87,86,85,73,61,49,37,38,26,27,28,29,30,18,19,20,21,9,10,11,23,35,47,59,71,83,95,94,93,81,69,57;108,120,132,133,134,135,136,137
12,0,13,9;33,45,57,69,68,67,66,65,77;117,116,115,114,113,112,111,110;76,64,52,40,39,38,37;95,83,71,59,47,35,23,11,10,9,8,7,6,5,4,3,2,1,0,12,24,36,48,60,72,84,96,108,120,132,133,134,135,136,137,138,139,140,141,142,143,131;32,44,56,55,54,53;14,15,16,17,18,30;13,25,26,27,28,29,41,42,43,31,19,20,21,22,34,46,58,70,82,81,80,79,78,90,89,88,87,75,63,51,50,49,61,73,85,97,109,121,122,123,124,125,126,127,128,129,130,118,119,107;62,74,86,98,99,100,101,102,103,104,105,106;91,92,93,94
12,0,14,13;15,16,17,29,41;1,0,12,24,25,26,27,28;47,35,23,11,10,9,8,7;101,113,114,126,127,128,129,130,131,119,107,95,83,71,59,58,46,34,22,21,20,19,18,6,5,4,3,2,14,13;30,31,32,33,45,57,69,70,82,94;86,85,73,61,49;118,117,116,115,103,102;50,62,74;40,52,53,54,42,43,44,56,68;125,124,123,122,121,109,97,98,99,87,88,89,90,91,92,104,105,106;100,112,111,110;64,65,66,67,55;143,142,141,140,139,138,137,136,135,134,133,132,120,108,96,84,72,60,48,36,37,38,39,51,63,75,76,77,78,79,80,81,93
12,0,15,9;83,71,59,47,35,23,11,10,9,8,7,6,5,4,3,2,1,0,12,24,36,48,60,72,84,96;77,78,79,67,55,54,53,52,51,63,75,74,73,61,49,37,25,26,27,28,29,30,31,32,33,45,57,69,81,82,94,95,107,119,131,143,142,141,140,139,138,137;135,134,122,121;123,111,112,113,114,102,103,104,116,117;97,85,86,87,88,76,64,65,66;13,14,15,16,17,18,19,20,21,22,34,46,58,70;136,124,125,126;133,132,120,108,109,110,98,99,100,101,89,90,91,92,93,105,106,118,130,129,128,127,115;80,68,56,44,43,42,41,40,39,38,50,62
12,0,16,14;78,90,102,103;49,37,25,13,14,15,16;77,89,101,100,99;40,39,51,50,62,61,60,72,84,96,108,120,132,133,134,135,136,124,112,111,110,98,86,87,88,76;30,31,32,33,45,57,69;113,125,137;44,43,42;4,3,2,1,0,12,24,36,48;114,126,138,139,140,141,142,143,131;117,116,104,92,91,79,67,66,65;18,19,20,21,22,34,46,58,70,82,94;54,55,56,68,80,81,93,105,106;38,26,27,28,29,41,53,52,64,63,75,74,73,85,97,109,121,122,123;17,5,6,7,8,9,10,11,23,35,47,59,71,83,95,107,119,118,130,129,128,127,115
12,0,17,11;70,71,83,95,107,119,131,143,142,141,140,139,138,137,136,135,134,133,132,120,108,109,110,111,112;76,75,74,73,61,49,37,25,13,14,15,16,17,18,19,31,32,33,21,9,10,11,23,35,47,59;58,57,69,81,82,94,106,118,130;62,63,51,39;121,122,123,124,125,126,127,128,129,117,105,93,92,80,68;50,38,26,27,28,40,52,64,65,77,89,88,87,86,85;91,79,67,55,56,44;104,116,115,114,113,101,100,99,98,97,96,84,72,60,48,36,24,12,0,1,2,3,4,5,6,7,8,20;53,41,29,30;22,34,46,45;43,42,54,66,78,90,102,103
12,0,18,14;117,105,104,103,102,114,126,127;16,17,18,6;28,29,41;51,63,75;99,100,112,124,136;137,138,139,140,141,142,143,131,119,107,95,83,71,59,47;125,113,101,89,90,91,92,93,94,106,118,130,129,128,116,115;55,56,57,58,46;5,4,3,2,1,13,25,37,49,61,73,85,97,109,121,122;15,14,26,38,50,62,74;30,31,19,7,8,9,10,11,23,35,34,33,45;81,80,79,78,77,65,53,52,40,39,27;64,76,88,87,86,98,110,111,123,135,134,133,132,120,108,96,84,72,60,48,36,24,12,0;22,21,20,32,44,43,42,54,66,67,68,69,70,82
12,0,19,13;51,39,27,15,16,17,18,19,20,21,22;58,70,69;1,0,12,24,36,48,60,72,84,96,108,120,132,133,134;143,142,141,140,139,138,137,136,135,123,122,121,109,97,85,73,61,49,37,25;118,106,94,82,81;93,105,117,129,130,131,119,107,95,83,71,59,47,35,23,11,10,9,8,7,6,5,4,3,2;102,103,104,116,128,127,126,125,124,112,111,110,98,86,74,62;50,38,26,14,13;76,88,89,90,91,92,80;66,54,55,43,44;31,32,33,34;46,45,57,56,68,67,79,78,77,65,53,41,42;115,114,113,101,100,99,87,75,63,64,52,40,28,29,30
12,0,20,11;33,32,31,30,42,54,66,78,90,102,101,100,99,98,110,122,121,120,108,96,84,72,60,61,62,63,51,39,38,37,25,13,14,15,16,4;50,49,48,36,24,12,0,1,2,3;136,124,112,113,114,115,116,117,118,106,94;143,142,141,140,139,138;109,97,85,86,87,88,89,77,65,53,41,40;69,70,71;5,6,7,8,9,10,11,23,35,34,46,45,44,43,55,67,79,91,103,104,105,93,81,82,83,95,107,119,131,130,129,128,127,126,125,137;111,123,135,134,133,132;26,27,28,29,17,18,19,20,21,22;92,80,68,56,57,58,59,47;73,74,75,76,64,52
12,0,21,11;70,69,57,45,33,21,20,19,18,17,16;90,102,114,126,125,124;26,38,39,40,41,42,43,55,67;140,141,142,143,131,119,107,95,83,71,59,58,46,34,22,10,9,8,7,6,5,4,3,2,1,0,12,24;50,51,52,53,54,66,78,79,91,103,104;123,135,134,133,132,120,108,96,84,85,86,87;11,23,35,47;36,48,60,72,73,74,75,76,88,100,99,98,97,109,121,122;116,117,105,93,92,80,68,56,44,32,31,30,29,28,27,15,14,13,25,37,49,61,62,63,64,65,77,89,101,113,112,111,110;128,129,130,118,106,94,82,81;115,127,139,138,137,136
12,0,22,10;110,98,86,74,62,50,51;41,53,65,77,76,88,100,112,124,125,126,127;111,99,87,75,63,64,52,40,39,38,26,14,15,16,17,18,19,31,32,33,45,57,56,55,67,79,91,103,102;9,10,11,23,35,47,59,71,83,95,107,119,131,143,142,141,140,139,138,137,136,135,123;27,28,29,30,42,43,44;92,104,116,115,114,113,101,89,90,78,66,54;121,109,97,85,73,61,49,37,25,13;80,81,93,105,117,129,128;122,134,133,132,120,108,96,84,72,60,48,36,24,12,0,1,2,3,4,5,6,7,8,20,21,22,34,46,58;68,69,70,82,94,106,118,130
12,0,23,11;142,143,131,119,107,106,105,104;30,31,32,33,34;111,112,113,114,115,103,91,92,80,68;99,100,101,102,90,78,79;117,116,128,127,126,125,124,123,122,110,98,86,74,75,76,77,65,66,67,55,56,57,69;64,63,62,61,73,85,97,109,121;54,53,52,51,50,49,37,25,13;22,21,20,19,18,17,29,41,42,43,44,45,46,58,70,82,81;27,15,3;89,88,87;93,94,95,83,71,59,47,35,23,11,10,9,8,7,6,5,4,16,28,40,39,38,26,14,2,1,0,12,24,36,48,60,72,84,96,108,120,132,133,134,135,136,137,138,139,140,141,129,130,118
12,0,24,14;77,65,64,52,40;26,38,50,62;28,29,30,42,43,44;55,67,68,69,70,58,46,34,22,21,20;110,111,112,113,114,102,103,104;14,13,25,37,49,61,60,72,84,96,97;56,57,45,33,32,31,19,18,17,16,15,27,39,51,63,75,74,73,85;98,99,100,101,89,90,91,92,93;86,87,88,76;105,106,94,82,81,80,79,78,66,54,53,41;115,116,117,118;48,36,24,12,0,1,2,3,4,5,6,7,8,9,10,11,23,35,47,59,71,83,95,107,119,131,130,129,128,127,126,125,124,123,122,121;109,108,120,132,133;134,135,136,137,138,139,140,141,142,143
12,0,25,12;26,38,37,36,24,12,0,1,2,3,4,5,17,29,30,31,19,20,21,22,34,46,58,70,82;18,6,7,8,9;62,63,64,52,40,28,16,15,14,13,25;81,69,57,45;122,123,135,136,137,138,139,140,141,142,143;98,99,100,101,113,114,115,116,117,129,130,131,119,107;48,60,72,84,85,86,87,88,89,90,78,66,54;33,32,44,56,68,80,92,93,94,95,83,71,59,47,35,23,11,10;91,79,67,55,43,42,41,53,65,77,76,75,74,73,61,49,50,51,39,27;134,133,121,109,110,111,112,124,125,126,127,128;102,103,104,105,106,118;97,96,108,120,132
12,0,26,12;132,120,108;4,5,6,7,8,9,10,11,23,35,47,59,71,83,95,107,119,131,143,142,141,140,139,138,137,136;16,17,18,19,20,21,22,34,46,58,70,82,94,106,118,130,129,128,127,126,125,124,112;121,133,134,135,123,111;98,86,87,88,89,90,78,66,65,64,63,62,61,60,48,36,24,12,0,1,2;73,74,75,76,77;39,40,28,29,30,31,32,33,45,57,69,81,93,105,117;99,100,101,102,103,91,79,67,55,54,53,52,51,50,49,37,25,13,14,15,3;122,110,109,97,96;38,26,27;41,42,43,44,56,68,80,92,104,116,115,114,113;85,84,72
12,0,27,11;107,119,118,130,129,128,127;78,77,76;97,85,73,74,62,50,38,26;122,123,124,112;52,40,28,16,17,18,19,20,21,22;98,86,87,75,63,64,65;51,39,27,15,14,13,25,37,49,61;121,109,110,111,99,100,88,89,90,91,79,80,68,69,57,45,44,43,42,54,66;2,1,0,12,24,36,48,60,72,84,96,108,120,132,133,134,135,136,137,125,113,101,102,103,104,92,93,81,82,70,58,46,34,33,32,31,30,29,41,53;3,4,5,6,7,8,9,10,11,23,35,47,59,71,83,95,94,106,105,117,116,115,114,126,138,139,140,141,142,143,131;67,55,56
12,0,28,11;119,107,95;103,102,90,78,77;127,126,125,124,112,100,99,87,86,85,97,96,108,120,132,133;131,143,142,141,129,117,105;130,118,106,94,82,83,71,59,47,35,23,22,21,20,32,44,45,57;26,27,28,29,30,42,54,66,67,79,91,92,104;84,72,60,48,36,24,12,0,1,2,3,4,5,6,7,8,9,10,11;69,70,58,46,34,33;98,110,111,123,135,136,137,138,139,140,128,116,115,114,113,101,89,88,76,75,74,73,61,49,50,51,52;109,121,122,134;62,63,64,65,53,41,40,39,38,37,25,13,14,15,16,17,18,19,31,43,55,56,68,80,81,93
12,0,29,14;141,129,128,116,115,114,102,101,89;143,131,119,107,95,94,93,92,80;74,73,61,49,37,25,13,14,2,3,4,5,6,7,8,9,10,11,23,35,47,59,71,83,82,81;15,27,26,38,50,62,63,75,87;57,58,46,34,22,21,20,19,18,17,16,28,40,39,51;117,118,130,142;52,64,76,77,78,79,67,55;65,66,54,42,43,44,56,68,69,70;106,105,104,103,91,90;88,100,99,98,86,85,84,96,108,120,121,122,123,124,125,126,127;140,139,138,137,136,135,134,133,132;45,33,32,31,30,29,41,53;1,0,12,24,36,48,60,72;97,109,110,111,112,113
12,0,30,14;53,54,55;125,124,123,111;56,57,58,70,82,94,106,118,130,129,128,127,126;41,40,52,64,65,66,78,90,91,92,80,81;113,112,100,88,87,86,74,62,50,38,26;29,30,31,32,33;138,139,140,141,142,143,131,119,107,95,83,71,59,47,35,23,11,10,9,8,7,6,5,4,3,2,1,0,12,24,36,48,60;79,67,68,69;137,136,135,134,122,110,98,99;42,43,44,45,46;132,120,108,96,84,72;117,116,115,114;93,105,104,103,102,101,89,77,76,75,63,51,39,27,15,14,13,25,37,49,61,73,85,97,109,121,133;34,22,21,20,19,18,17,16,28
12,0,1,10;48,60,72,84,96,108,120,132;128,140,139,138,137,136,135,134,133,121,109,97,85,73,61,49;79,80,68,69,70,58,46,34,22;57,45,33,21,9,10,11,23,35,47,59,71,83,82,81;56,44,32,20,8,7,6,5,4,3,2,1,0,12,24,36,37,38,39,40,41;13,25,26,27,28,29,30,42,54,53,52,51,63,75,87,99,111,112,113,114,102,90,91,92,93,94,95,107,119,131,143,142,141;88,76,64,65,66,67,55,43,31,19,18,17,16,15,14;103,104,105,106,118,130;129,117,116,115,127,126,125,124,123,122,110,98,86,74,62,50;100,101,89,77,78
12,0,2,13;60,61,73,85,97,98,110;57,56,55,54,53,41,29;117,105,93;78,79,91,92,104,116,128,127,126,125,124,123,111,99,87,75,63,51,39,38,37,25,13,1;81,69,70,58,46,45,44,43,42,30;0,12,24,36,48,49,50,62,74,86;115,114,113,112,100,88,76,64,52,40,28,27,26,14,2,3,4,5,6,7,8,9,10,11,23;80,68,67,66,65,77,89,90;72,84,96,108,120,132,133;101,102,103;33,32,31;82,94,106,118,130,129,141,140,139,138,137,136,135,134,122,121,109;142,143,131,119,107,95,83,71,59,47,35,34,22,21,20,19,18,17,16,15
12,0,3,11;105,117,116,115,114,113,125,124,123;61,73,85,97,98,99;126,127,128,129,130,118,106,107,95,83,71,59,47,35,23,11;119,131,143,142,141,140,139,138,137,136,135,134,122;94,93,81,69,57,45,33,21,20,19,18,17,16,15,14,13,25,37,49,50;39,40,41,42,43,55,67,79;76,75,63;53,54,66,78,90,91;82,70,58,46,34,22,10,9,8,7,6,5,4,3,2,1,0,12,24,36,48,60,72,84,96,108,120;62,74,86,87,88,89,77,65,64,52,51;132,133,121,109,110,111,112,100,101,102,103,104,92,80,68,56,44,32,31,30,29,28,27,26,38
12,0,4,13;102,114,126,127,128,129,130;122,123,124,125,113,101,100,99,98,97,85,73,61,49,37,25,13,14;132,120,108,96,84,72,60,48,36,24,12,0,1,2,3,15,27,26,38,50,62,74,75,76,77,78,90,91,103;4,16,17,29,30,42,43,44,56,68,69,81,93,105,106;94,82,70,58,46,34,22,21,20,8,7;55,67,79,80,92,104;28,40,39;51,63,64,65,66,54;112,111,110,109,121,133,134,135,136,137,138,139,140,141,142,143,131;52,53,41;57,45,33,32,31,19,18,6,5;89,88,87,86;9,10,11,23,35,47,59,71,83,95,107,119,118,117,116,115
12,0,5,11;135,134,133,121,109,97,85,73,72,60,48,36,24,12,0,1,2,3,4,5,6,7,8,9;122,110,98,86,74,62,61,49,37,25,13,14,15,27,39,40,52,64,76,88,100,112,124,136,137,138,139,140,141,142,143,131,119,107,95,94,93,105,117,116,115,114;26,38,50,51,63,75,87,99,111,123;20,19,18,17;30,29,28,16;22,34,46,58,70;84,96,108,120,132;68,80,92,104,103,102,101,113,125,126,127,128,129,130,118,106;10,11,23,35,47,59,71,83,82,81,69,57,45,33,21;78,66,54,42,43,31;32,44,56,55,67,79,91,90,89,77,65,53,41
12,0,6,12;97,85,86;143,131,119,107,95,83,71,59,47,35,23,11,10,9,8,7,6,5,4,3,2,1,0;54,55,56,57,45,33,32,31,30,29,28,16;52,40,39,27,26,25,37,49,61,73;93,105,104,116,115,114,102,90;126,127,128,129,117,118,106,94,82,81,80,92,91,103;44,43,42,41,53;38,50,62,74,75,76,77,78,79,67,68,69,70,58,46,34,22,21,20,19,18,17;15,14,13,12,24,36,48,60,72,84,96,108,120,121,122,123,111;51,63,64,65,66;100,112,124,136,135,134,133,132;109,110,98,99,87,88,89,101,113,125,137,138,139,140,141,142,130
12,0,7,13;31,19,18,17,16,28,27,26,38,50,49,61,73,85,97;30,29,41,40,39,51;87,99,100,101,102,114,115,116,117,118,119,131,143,142,141,140,139,138,137,136,124;62,63,75;37,25,13,14,15,3,4,5,6,7,8,9,10,11,23,35,47,59,71,83,82,81;77,65,66,67,55,56,57,45,33,32;103,91,92,93,94,95;44,43,42,54,53,52,64;20,21,22,34,46,58,70,69,68,80,79,78,90,89,88,76;74,86,98,110,109,121;107,106,105,104;130,129,128,127,126,125,113,112,111,123,122;135,134,133,132,120,108,96,84,72,60,48,36,24,12,0,1,2
12,0,8,11;51,39,40,41;134,135,136,137,125,126,114,102,103;129,130,118,106,105,104,92,80,81,82,83,71,59,47,35,23,11,10,9,8,7,6,5,4,3,2,1,0,12,24,36,48,60,72,84,85,86,87,75,63,62,50,38,26,27,28,29,30,31;21,22,34,46,58,70,69,68;111,99,100,88,76,64;128,140,141,142,143,131,119,107,95,94,93;109,121,133,132;33,45,57,56,55,67,79,91,90;52,53,65,77,89,101,113,112,124,123,122,110,98,97,96,108,120;78,66,54,42,43,44,32,20,19,18,17,16,15,14,13,25,37,49,61,73,74;117,116,115,127,139,138
12,0,9,11;54,42,43,44,56,68,80,92,93,105,106;125,126,127,115,103,91,79;88,87,86,85,73,61,60;100,99,98,97,96,84,72;104,116,117,118,130;63,51,39,38,37,25,13,1,2,3,4,5,6,7,8,9,10,11,23,35,47,59,71,83,95,107,119,131,143,142,141,129;121,122,123,124,112,113,101,89,77,65,53,41,29,30,31,32,33,45,57,69,81,82,94;128,140,139,138,137,136,135,134,133,132,120,108,109,110,111;0,12,24,36,48,49,50,62,74,75,76,64,52,40,28,27,26,14;70,58,46,34,22,21,20,19,18,17,16,15;114,102,90,78,66,67,55
12,0,10,13;24,36,48,60,72,84,96,108,120,132;55,56,68,80;124,125,126,127,115,103,91,79,78,77,76,88;102,114,113,112,111,123,122;37,38,50,51,52,40,41,42,43,44,45,57,69,81,93,92,104,116,128,129,130,118;62,74,86,98,110,109,121,133,134,135,136,137,138,139,140,141,142,143,131,119,107,95,83,71,59,47,35,23,11,10,9,8,7,6,5,4,3;15,14,2,1,0;12,13,25,26,27,39;90,89,101,100,99,87,75,63,64,65,53;54,66,67;49,61,73,85,97;29,30,31,32,33,34,46,58,70,82,94,106,105,117;22,21,20,19,18,17,16,28
12,0,11,10;47,35,23,11,10,9,8,7,6,5,4,3,2,1,0,12,24,36,48,60,61,73,85,86;51,52,53,65,77,89,88;70,69,57,45,33,21;63,64,76;108,96,84,72;133,134,122,123;97,109,121,120,132;26,27,28,29,30,31,43,55,67,79,91,92,93,105,117,116,115,114,113,101,100,99,87,75,74,62,50,49;135,136,137,138,139,140,141,142,143,131,119,107,95,83,71,59,58,46,34,22;98,110,111,112,124,125,126,127,128,129,130,118,106,94,82,81,80,68,56,44,32,20,19,18,17,16,15,14,13,25,37,38,39,40,41,42,54,66,78,90,102,103,104
12,0,12,13;45,33,21,20,19,18;69,68,67;100,99,87,75,76,64,52;94,82,70,71,59,47,35,23,11;88,89,77,78,66,54,42,43,44;65,53,41,40;30,31,32;103,104,92;17,16,15,14,26,38,50,62,74,86,98,97,109,121,122,123,124,125,126,127,128,129,130;114,115,116,117,118,119,131,143,142,141,140,139,138,137,136,135,134,133,132,120,108,96,84,72,60,48,36,24,12,0,1,2,3,4,5,6,7,8,9,10,22,34,46,58,57,56,55;13,25,37,49,61,73,85;110,111,112,113,101,102,90,91,79,80,81,93,105,106,107,95,83;29,28,27,39,51,63
12,0,13,13;29,30,31,32,33,45,57,69;130,118,106,94,82,70,58,46,34,22,21,20,19,18,17,16;112,111,123,122,121;76,88,100,99,98,97,96,84,72,60,48,36,24,12,0,1,2,3,4,5,6,7,8,9,10,11,23,35,47,59,71,83,95,107,119,131,143,142,141,140,139,138,137,125;113,114,115,116,104,92;90,78,66,67,68,56,44,43,42,41,40,28,27,26,38,50,62,74,73;65,77,89,101;126,127,128,129,117,105,93,81,80;61,49,37,25,13,14,15;39,51,63,75,87,86,85;55,54,53,52,64;79,91,103,102;124,136,135,134,133,132,120,108,109,110
12,0,14,12;117,129,128,127,126,125,124,136,135;134,122,123,111,112,113,114,115,116;27,28,29,30,31,19;143,131,119,107,95,94,93,92;51,39,40,41,42;52,53,54,55,43,44,32,20,21,22;132,120,108,96,97;6,18,17,16,15,14,26,38,50,62,63,64,65,66,67,68,56,57,45;13,25,37,49,61,73,74,75,76,77,78;7,8,9,10,11,23,35,47,59,71,83,82,81,80,79,91,90,89,88,87,86,85,84,72,60,48,36,24,12,0,1,2,3,4,5;133,121,109,110,98,99,100,101,102,103,104,105,106,118,130,142,141,140,139,138,137;33,34,46,58,70,69
12,0,15,11;20,21,22,34,46,58,70,82,94,106,118,130,129,128,127,126,114,102;91,79,67;26,38,50,51,52,53,65,77,76,75,74,73,72;19,18,17,16;28,29,30,31,32,33,45,57,69,81,93,105,117,116,115;112,111,110,122;103,104,92,80,68,56,55,54,66,78,90,89,88,87;120,108,96,84,85,86,98,99,100,101,113,125,124,123,135,134;64,63,62,61,60,48,36,24,12,0,1,2,3,4,5,6,7,8,9,10,11,23,35,47,59,71,83,95,107,119,131,143,142,141,140,139,138,137,136;132,133,121,109,97;44,43,42,41,40,39,27,15,14,13,25,37,49
12,0,16,12;121,122,123,124,112,100,101,102,90,78,79;130,129,117,105,106;107,95,83,82,81,80,68,67,66,54,42,30,29,28,27,26,14,2,1,0,12,24,36,48,49,50,51,52,64,76,75,74,86,98;23,11,10,9,8,7,6,5,4,3;118,119,131,143,142,141,140,139,138,137,136,135,134,133,132,120,108,96,84,72,60,61,62,63;73,85,97,109,110,111,99,87,88,89,77,65,53,41,40,39,38,37,25,13;69,57,56,55,43,31,19,18,17,16,15;94,93,92,104,116,128,127,126,125,113;22,21,20,32,44;70,71,59,47,35,34,33;114,115,103,91;45,46,58
12,0,17,11;111,123,124,125,126,127,128,129,130,118;50,62,74,86,87,88,89,101,102,114,115,116,117,105,106;16,4,3,2,1;96,84,72,60,48,36;0,12,24,25,26,27,28,40,52,64,65,66,78,90,91,103;121,122,110,98,99,100,112,113;13,14,15;53,54,55;18,19,20,21,22,34,46,58,70,82,94,93,92,104;30,31,32,33,45,57,69,81,80,79;77,76,75,63,51,39,38,37,49,61,73,85,97,109,108,120,132,133,134,135,136,137,138,139,140,141,142,143,131,119,107,95,83,71,59,47,35,23,11,10,9,8,7,6,5,17,29,41,42,43,44,56,68,67
12,0,18,11;64,65,66,67,79;69,57,45,33,32,31,30,18,6,7,8,9,10,11,23,35,47,59,71,83,95,94,93,92,91,90,78,77,76,75,74,73,72,84,96,108,120,132,133,134,135;39,51,63;85,86,87,88,89,101,102,114,115,116,117,118;61,49,37,25,13,14,15,16;55,54,53,52,40,28,27,26,38,50,62;99,100,112,113,125,126,127,128,129,130;97,98,110,111;103,104,105,106;107,119,131,143,142,141,140,139,138,137,136,124,123,122,121,109;19,20,21,22,34,46,58,70,82,81,80,68,56,44,43,42,41,29,17,5,4,3,2,1,0,12,24,36,48,60
12,0,19,12;81,93,92,91,103;77,65,66,67,55,43;76,64,52,53,54,42,30,31,32,44,56,57;3,4,5,6,7,8,9,10,22,34,46,58,59,71,83,95,107,119,131,143,142,141,129,128;104,105,106,94,82,70,69,68,80,79,78,90,89,88,87,75,63,51,50,49,37;11,23,35,47;45,33,21,20,19,18,17,16,15,14,2,1,0,12,24,36,48,60,72,84,96,108,120,132,133,134,135,136,137,138,139,140;114,102,101,100,99;73,85,97,109,121,122,123,124;28,27,26,25,13;130,118,117,116,115,127,126,125,113,112,111,110,98,86,74,62,61;38,39,40,41,29
12,0,20,11;23,22,34,33;11,10,9,21,20,32,31;80,68,69,70,82,94,106,118,130,129,128,127,126,125,124,123,111,99,87,75,63,51,39,27,15,14,13,25,37,49,61,73,85;35,47,46,45,44,43,42,30,18,6,5;28,40,52,64,65,77,89,101,102,103;109,108,120,132,133,134,135,136,137,138,139,140,141,142,143,131,119,107,95,83,71,59,58,57,56,55,67,79,91,92,104,116,115,114,113,112,100,88,76;26,38,50,62,74;86,98,97,96,84,72,60,48,36,24,12,0,1,2,3,4,16,17,29,41,53,54,66,78,90;81,93,105,117;121,122,110;8,7,19
12,0,21,11;143,142,141,140,139,138,137,136,135,134,133,132,120,108,96,84,72,60,48,36,37,38;113,101,89,88,76,64;33,32,44,56,57,58;103,102,90,78,77;69,70,82,94,106,118,130,131;45,46,34,22,21,20,19,31,43;63,75,87,99,100,112,124,125,126,114,115,116,104,92,91,79;30,18,6,7,8,9,10,11,23,35,47,59,71,83,95,107,119;49,61,73,85,97,109,121,122;123,111,110,98,86,74,62,50,51,39,27,26,25,24,12,0,1,2,3,4,5,17,29,41,42,54,55;127,128,129,117,105,93,81,80,68,67,66,65,53,52,40,28,16,15,14,13
12,0,22,9;43,42,41,53,65,77,89;90,78,66,54,55;143,131,119;81,80,92,104,116,115,114,113,112,111,110,98,86,87,88,76,64,52,40,28,29,30,31,32,44,56;142,130,118,106,107,95,83,71;99,100,101,102,103,91,79,67,68,69,70,82,94,93,105,117,129,128,127,126,125,124,123,122,121,109,97,85,73,74,62,50,38,26,14;11,23,35,47,59,58,57,45,33,21,20,19,18,17,16,15,27,39,51,63,75;46,34,22,10,9,8,7,6,5,4,3,2,1,13,25,37,49,61;0,12,24,36,48,60,72,84,96,108,120,132,133,134,135,136,137,138,139,140,141
12,0,23,14;43,31,32,33,45,57;15,27,28,40,41,53,65,77,76,75,74,86,85,97,109,121;44,56,68,69,70,58,46,34,22,21,20,19,18,17,16;36,48,60,72,84,96,108,120,132,133,134,135,136,137,138,139,140,141,142,130,118,106;104,103,102,101,100,99;14,26,38,39,51;116,115,114,113,112,111;50,62,63,64,52;13,1,2,3,4,5,6,7,8,9,10,11,23,35,47,59,71,83,82,81,80,79,67,55;0,12,24,25,37,49,61,73;98,110,122,123,124,125,126,127;143,131,119,107,95,94,93,92,91,90,89,88,87;29,30,42,54,66,78;128,129,117,105
12,0,24,10;65,77,89,101,102,103,104,116,117,118,106,94,82,70,71,59,47,35,23,11,10,9,8,7,6,5,4,3,2,1,0,12;79,80,81,69,57,58,46,34,22,21,20,19,18,17,16,15,14,13,25,24,36,48,60,72,84,96,108,120,132,133,134,135,136,137,138,139,140,141,142,143;122,121,109,97,85;83,95,107,119,131,130,129,128,127,126,125,124,123;110,98,86;87,99,111,112,113,114,115;50,51,39,40,41,42,43,55;32,31,30,29,28,27,26,38,37,49,61,62,63,64,52,53,54,66,78,90,91,92,93,105;73,74,75,76,88,100;67,68,56,44,45,33
12,0,25,11;117,118,106,94,82,81,80,79,78,66,54,53,52;51,39,40,41,42;65,77,89,90,91,92,93,105;19,18,17,16,15,14,13,25,37,49,61,73,74,75;33,45,57,69,68,67,55,43,31,30,29,28,27,26,38,50,62,63,64,76,88,100,101,102,103,104;87,86,85,84,96,108,120,132,133,134,135,136,137,125;115,116,128,129,130,131,119,107,95,83,71,59,47,35,23,11,10,9,8,7,6,5,4,3,2,1,0,12,24,36,48,60,72;143,142,141,140,139,138;110,111,112,113,114,126,127;99,98,97,109,121,122,123,124;56,44,32,20,21,22,34,46,58,70
12,0,26,11;54,53,65;79,91,90,89,88,87,86,85,73,61,49,37,25,13,14,15,16,17,18,19,20,32,33;75,63,51,39,27,28,29,30,31;123,124,125,113,101,100;139,140,141,142,143,131,119,107,95,83,71,59,47,35,23,11,10,9,8,7,6,5,4,3,2,1,0,12,24,36,48,60,72,84,96;80,92,104,103,102,114,126,138,137,136,135,134,133,132,120,108,109,97,98,99;52,40,41,42,43,44,45,46,34,22,21;121,122,110,111,112;64,76,77,78,66,67,68,69,81,93,105,117,116,115;74,62,50,38,26;127,128,129,130,118,106,94,82,70,58,57,56,55
12,0,27,11;79,91,92,93,94,95,107,119,131,143,142,141,140,139,138,137,136,135,134,133,132,120,108,96,84,72,73,74,75,63;33,32,44,43;118,117,116,115,114,113,112,111,110;39,40,41,42,30,31;49,37,25,13,14,15,16,17,18,19,20,21,22,34,46,45,57,56,55,54,53,65;66,67,68,69,70,58;80,81,82,83,71,59,47,35,23,11,10,9,8,7,6,5,4,3,2,1,0,12,24,36,48,60,61,62,50,38,26,27,28,29;85,86,87,88;51,52,64,76;90,102,103,104,105,106;130,129,128,127,126,125,124,123,122,121,109,97,98,99,100,101,89,77,78
12,0,28,13;110,111,112,113,101,89,77,65,66,54,55,56,57,45,33,32;42,30,18,6,7,8,9,10,11,23,35,47,59,71,83,82,81,80;61,60,72,84,96,108,120,132,133,134,135,136,137,138,139,140,141,142,143,131,119,107,95;130,118,106,94,93,92,91;13,25,26,27;0,1,2,3,4,5,17,29,41,53;126,114,115,116;34,46,58,70,69,68,67,79,78,90,102,103,104,105,117,129,128,127;125,124,123,122,121,109,97,85,73,74,62,50,49,48,36,24,12;37,38,39,51,63;44,43,31,19,20,21,22;86,87,75,76,64,52,40,28,16,15,14;98,99,100,88
12,0,29,10;95,107,119,131,143,142,141;5,6,7,8,9,10,22,34,46,58,57,56,68,80,92,104,103,102,114,126,138,139,140,128,129,130,118,106,94,82,83;137,125,113,101,100,99,111,123,122,121,109,97,85,73,61,49,37;110,98,86,74,62,50,51,52,40;45,44,43,55,67,79,91,90,89;11,23,35,47,59,71,70,69,81,93,105,117,116,115,127;21,33,32,31,30,42,54,66,78,77,76,88,87;112,124,136,135,134,133,132,120,108,96,84,72,60,48,36,24,12,0,1,2,3,4,16,17,18,19,20;13,14,15,27,28,29,41,53,65,64,63,75;25,26,38,39
12,0,30,12;38,50,51,52,53,65,77,89,88,87,99;34,22,21,20,19,31,43,55,67,68,69,70,82,94,106,107;17,5,4,3,2,1,0;113,114,115,116,104,92,91,90;76,75,74,86,85;33,32,44,56,57,58,59,71,83,95;103,102,101,100,112;134,135,136,137,138,139,140,141,142,143,131,119,118,117,105,93,81,80,79,78,66,54,42,41,40,39,27,26,25,37,49;109,108,120;60,48,36,24,12,13,14,15,16,28,29,30,18,6,7,8,9,10,11,23,35,47,46,45;111,123,124,125,126,127,128,129,130;64,63,62,61,73,72,84,96,97,98,110,122,121,133,132
