13,0,1,11;24,23,22,21,20,19,18,17,16,15,14;99,98,97,96,83,70,57,44,45,46,59,60,61,62,63,76,89,102,115,128,141,154,153,152,151,150,149,148,147,146,133;134,135,136,137,138,139,140;55,54,67,80,93,106;131,130,143,156,157,158,159,160,161,162,163,164,165,166,167,168,155,142,129,116,103,90,77,64,51,50,49,48,47;84,85,86,87,100,113,112,111,110,109,108,95,82,69,56,43,30,29,28,27;75,74,73,72,71,58;144,145,132,119,118,117,104,91,78,65,52,39,26,13,0,1,2,3,4,5,6,7,8,9,10,11,12,25,38,37,36,35,34;88,101,114,127,126,125,124,123,122,121,120,107,94,81,68;42,41,40,53,66,79,92,105;31,32,33
13,0,2,14;17,4,5,6,7,8,9,22,35,36,49,62,61,60;150,149,148,147,146,145,132,119,118,105,92,79,66,53;143,156,157,158,159,160,161,162,163,164,165,166,167,168;16,3,2,1,0,13,26,27,40,41,54,67,80,93,106,107,120,133;11,12,25,38,51,64,77,90,103,116,129,142,155,154,153,152,151,138,125;144,131,130,117,104,91,78,65,52,39;71,72,73,74,75,76,63,50,37,24,23,10;19,20,21,34,47,48;82,69,56,43,30;137,136,135,134,121,108,95,94,81,68,55,42,29,28,15,14;32,33,46,59,58,57,70,83,96,109,122,123,124,111,112,113,126,139,140,141,128;110,97,84,85,86,87,88,89,102,115,114,127;101,100,99,98;45,44,31,18
13,0,3,12;125,112,99;143,144,145,146,147,148,135,122;118,119,120,107,94,95,96,97,110,123,136,149,150,151,152,153,154,141,128,115,102,89,76;126,113,100,87,86,73,72,71,58,45,44,43,56,55,68,81,80,93,106,105,104,117,130,131,132,133,134,121,108,109;83,84,85;24,37,50,63,62,61,60,59,46,33,32,31,30,29,42,41,54,67,66,79,92;49,48,47,34,21,20,19,18,17,16,15,14;39,26,13,0,1,2,3,4,5,6,7,8,9,22,35,36;28,27,40,53,52,65,78,91;156,157,158,159,160,161,162,163,164,165,166,167,168,155,142,129,116,103,90,77,64,51,38,25,12,11,10,23;98,111,124,137,138,139,140,127,114,101,88,75,74;57,70,69,82
13,0,4,14;159,160,161,162,163,164,165,166,167,168,155,142,129,116,103,90,77,64,51,38,25,12,11,10,9,8,21,34,47,46,59,58,71,84,83,82,81,80;119,118,117,130,143,156,157,158,145,146,147,134,121;20,19,18,31,30,43,56,55,54,53,40,27;144,131,132,133,120,107,108;136,137,138,139,140,127,114;36,35,48,61,74,87,86,85,98,97,96,95,94,93,92,79,66,67,68,69,70,57,44,45,32,33;60,73,72;42,41,28,15,14;106,105,104,91,78,65,52,39,26,13,0,1,2,3,16,29;7,6,5,4,17;50,63,76,89,102,115,128,141,154,153,152,151,150,149,148,135,122,109;37,24,23,22;49,62,75,88,101,100,113,126,125,124;99,112,111,110,123
13,0,5,11;132,133,134,121,108,107,94,81,68,55,42,43;24,37,50,63,62;89,90,103,116,129,142,155,168,167,166,165,164,163,162,161,160,147,146,145,144,131,118,105,92,79,66,53,40,27,14,15,16,17;21,20,33,46,59,58;140,139,138,137,124,111,110,97,84,85,86,87,74,61,48,49,36,23;19,32,45,44,57,56,69,82,95;136,123,122,109,96,83,70,71,72,73,60,47,34,35,22;120,119,106,93,80,67,54,41,28,29,30,31,18;115,102,101,88,75,76,77,64,51,38,25,12,11,10,9,8,7,6,5,4,3,2,1,0,13,26,39,52,65,78,91,104,117,130,143,156,157,158,159;100,113,114,127,128,141,154,153,152,151,150,149,148,135;126,125,112,99,98
13,0,6,11;139,140,127,114,113,112,111,110,109,96;56,55,54,41,28,29,30,31,32,45,58,71,84,83,82,81,80,79,78,65,52,39,26,13,0,1,2,3,4,5,6,7,8,9,10,11,12,25,38,51,64,63,62,49,36;34,33,46,59,72,85,98,97;152,153,154,141,128,115,102,101,100,99,86,73,60,47,48,35;107,120,119,132,145,146,147,148,149;77,76,75;50,37,24,23,22,21,20,19,18,17,16,15,14,27,40,53,66,67,68,69,70,57,44,43,42;133,134,135,136,137,138,151;150,163,164,165,166,167,168,155,142,129,116,103,90,89,88,87,74,61;126,125,124,123,122,121,108,95,94,93,106,105,118,131,144,157,158,159,160,161,162;92,91,104,117,130,143,156
13,0,7,13;89,102,101,100;108,95,82,81,80,67,54,41,28,29,16,17,18,31,44,57,56;99,86,87,88,75,76;12,11,10,9,8,7;124,125,126,127,140,141;128,115,114,113,112,111,98,85,72,73,60,47,34,35,36,37;105,106,119,132,133,134,135;92,79,66,53,40,27,14,15,2,3,4,5,6,19,32,45,58,71,84,97,110,123,136,137,138,139,152,153,154,155,142,129,116,103,90,77,64,63,62,49;48,61,74;168,167,166,165,164,163,162,161,160,159,158,157,156,143,130,117,104,91,78,65,52,39,26,13,0,1;118,131,144,145,146,147,148,149,150,151;30,43,42,55,68,69,70,83,96,109,122,121,120,107,94,93;50,51,38,25,24,23,22,21,20,33,46,59
13,0,8,15;40,27,14,1,2,3,4,5,6,7,8,9,10,11,12,25,38,51,64,77,90,103,116,129,142,155,168,167,166,165,164,163,162;145,132,119;29,42,55,68,69,70,57,44,31,18,17;56,43,30;139,140,127,114,101,88,75,62,49;99,112,125,138,151;152,153,154,141,128,115,102,89,76,63,50,37,24,23,22,21,20,19,32,45,58,71,84,83,82,81;86,73,60;121,134,147,160,161;79,78,65,52,39,26,13,0;92,91,104,117,130,143,156,157,158,159,146,133,120;36,35,34,33;16,15,28,41,54,53,66;136,123,110,97,96,95,94,93,80,67;126,113,100,87,74,61,48,47,46,59,72,85,98,111,124,137,150,149,148,135,122,109,108,107,106,105,118,131,144
13,0,9,13;14,27,40,53,66,67,68,81,94,107,120,121,122,109,96,83,70,71,72,85;98,111,124,123;45,32,31,30;34,21,8,7,6,5;79,92,105,118,131,144,145,146,147,148,149,150,151,152,153,154,141,128,127;10,23,24,37,50,63,76,89,102,115,114,113,112,125,138,137,136,135,134,133,132,119,106,93,80;15,2,1,0,13,26,39,52,65,78,91,104,117,130,143,156,157,158,159,160,161,162,163,164,165,166,167,168,155,142,129,116,103,90,77,64,51,38,25,12,11;3,16,29,42,43,44,57,58,59,60,73,86,99,100,101,88,75,62,49,36;35,22,9;140,139,126;108,95,82,69,56,55,54,41,28;84,97,110;87,74,61,48,47,46,33,20,19,18,17,4
13,0,10,13;112,111,110,123;119,106,93,80,67;42,29,30,31,44,57,70,83,96,109,122;149,150,151,138,139,140,141,142,155,168,167,166;14,27,40,53,66,79,92,105,118;144,145,146,147,148;24,37,36,49,62,75,88;85,86,87,74,61,48,35,22,23;59,46,33,20,7,6,5,4,3,2,1,0,13,26,39,52,65,78,91,104,117,130,143,156,157,158,159,160,161,162,163,164,165,152,153,154;120,107,94,81,68,55,54,41,28,15,16,17,18,19,32,45,58,71,72,73,60,47,34,21,8,9,10,11,12,25,38,51,64,77,90,103,116,129,128,127,126,125,124,137,136,135;84,97,98,99,100,101;113,114,115,102,89,76,63,50;131,132,133,134,121,108,95,82,69,56,43
13,0,11,14;84,85,86,73,60;132,133,134,135,136,137,124,125,126,127;31,30,29,28,15,2,1,0,13,26,39,52,65,78,91,104,117,130,131,144,145,146,147,148,149,150,151,138,139,140;24,23,22,21,34,47,48,49;95,94,81,68,55,56,57,58;143,156,157,158,159,160,161,162,163,164,165,166,167,168,155,142,129,116,103,90;89,102,101,114,113,112,111,110,109,108,107,106,93,80,67,54,41,42,43,44,45,46,59,72,71,70,69;50,63,62,61,74,87,100,99,98,97,96,83,82;115,128,141,154,153,152;16,3,4,5;17,18,19,6;14,27,40,53,66,79,92,105,118,119,120,121,122,123;32,33,20,7,8,9,10,11,12,25,38,51,64,77,76,75,88;35,36,37
13,0,12,13;81,94,93,92,105;146,145,144,131,118,119,120,121,122,123,136;125,138,151,150,163,162,161,160,147;42,55,68,69;43,56,57,70,83,82,95;106,107,108,109,96;79,66,53,40,27,14,15,16,17,18,19,32,45,58,71,84,97,110;61,74,87,100,101,114,127,140,153,166,167,168,155,142,129,116,103,90,77,64,51,38,25,24,23,22,21,20,7,6,5,4,3,2,1,0,13,26,39,52,65,78,91,104,117,130,143,156,157,158,159;149,148,135,134,133,132;8,9,10,11,12;44,31,30,29,28,41,54,67,80;154,141,128,115,102,89,88,75,62,49,48,47,60,73,86,99,112,113,126,139,152,165,164;137,124,111,98,85,72,59,46,33,34,35,36,37,50,63,76
13,0,13,13;123,122,109,96,83;75,62,49,36;0,13,26,39,52,65,78,91,104,105;116,129,142,155,154,153,152,151,150,149,148,135;28,15,2,3,4,5,6,7,8,9,10,11,12,25,38,51,64,77,90,103,102,115,128,141,140,139,138,137,136;55,68,81,94,107,120,133,132,131,144;57,44,31,32,33,34,35,48,61,74,73,86,99,98;82,95,108,121,134,147,146,145;110,97,84,85,72,59,60,47;168,167,166,165,164,163,162,161,160,159,158,157,156,143,130,117,118,119,106,93,92,79,66,53,40,27,14,1;111,124,125,126,127,114,101,88,89,76,63,50,37,24,23,22,21,20,19,18,17,30,43,56,69,70,71,58,45,46;80,67,54,41,42,29,16;112,113,100,87
13,0,14,10;168,167,166,165,164,163,162,161,160,159,158,157,156,143,130,117,118;0,1,14,15,16,29,42,55,68,81,82,83,84,71,58,57,44,31,32,33;144,131,132,119,106,105,92,79,66,53;47,60,73,86,99;2,3,4,5,6,7,8,9,22,23,36,49,62,75,88,101,114,127,126,125,124,123;27,28,41,54,67,80,93,94,107,120,133,146,145;70,69,56,43,30,17,18,19,20,21,34,35,48,61,74,87,100,113,112,111,110,109,122,135,136,137,138,139,140,141,128,115,102,89,76,63,50,37,24;104,91,78,65,52;13,26,39,40;45,46,59,72,85,98,97,96,95,108,121,134,147,148,149,150,151,152,153,154,155,142,129,116,103,90,77,64,51,38,25,12,11,10
13,0,15,12;120,121,122,109,96;76,63,50,37,24,23,22,21;138,139,140,127,114,101,100,99,98,97,84,83;65,52,39,26,13,0,1,2,3,4,5,6,7,8,9,10,11,12,25,38,51,64,77,90,103,116,129,142,155,168,167,166,165;94,93,92,105,118,131,130,143,156,157,158,159,146,133;113,126,125,124,137,150,151,152,153,154,141,128,115,102,89,88,75,62,49,36,35,34,33,20,19,18;80,67,54,41,28,29,30,31,32,45,46,47,48,61,74,87,86,85,72,71,70,69,56;136,123,110,111,112;17,16,15,14,27,40,53,66,79,78,91,104,117;161,160,147,134;164,163,162,149,148,135;73,60,59,58,57,44,43,42,55,68,81,82,95,108,107,106,119,132,145,144
13,0,16,13;168,167,154,141,128,115,102,89,76;155,142,129,116,103,90,77,64,63,62,75,88;86,85,72,71,70,57,44;101,100,87,74,73;9,8,7,6,5,4,3,2,1,0,13,26,39,52,65,78,91,104,117,118,119,120;46,33,20,19,18,17,16,15,14,27,40,53,66,79,92,105,106,107,108,121,134,135,136,123,110;152,139,138,137;61,48,49,50,51,38,25,12,11,10,23,22,21;126,125,124,111;144,145,146,147,148,149,150,151;93,80,67,54,41;28,29,42,55,68,81,94,95,96,109,122;24,37,36,35,34,47,60,59,58,45,32,31,30,43,56,69,82,83,84,97,98,99,112,113,114,127,140,153,166,165,164,163,162,161,160,159,158,157,156,143,130,131,132,133
13,0,17,13;154,167,166,165,164,163,162,161,160,159,158,157,156,143,130,117,118,119,120;115,128,141,140,153,152,151,150,149,148,147,146,145;144,131,132,133,134,121,108,95,96,97,84;168,155,142,129,116,103,102,101,114,127,126,139,138,137,136,135,122,109;123,110,111,98,99,100;61,74,87,86,85,72,71,70,83;6,5,4,3,2,1,0,13,26,39,52,65,78,91,92,93,80,67,68,55,42,43,44,45,46,47,48,35,36,37;54,41,28,29,30;124,125,112,113;64,77,90,89,88,75,62,49;79,66,53,40,27,14,15,16,17,18,19,20,7,8,9,10,11,12,25,38,51,50,63,76;73,60,59,58,57,56,69,82,81,94,107,106,105,104;31,32,33,34,21,22,23,24
13,0,18,15;85,86,73,74,75,62,49;22,21,34,33,32,31,44,43,42,55,54,53,66,79,80,93,106,107,120,133,134,135,136,137,138,139,152;56,57,58,45,46,47,48,35,36,23,24,25,38,51,64,77,90,103,116,129,142,155,168,167,166,165,164,163,162,161,160,159,158,157,156,143,130,117,104;27,28,29,30;12,11,10,9,8,7,20,19,18,17,16,15,14;37,50,63,76,89,88,87,100,99,98;154,153,140,127,126,125,112,111,110,97,84;141,128,115,102;151,150,149,148,147,146,145,144,131;69,70,71,72,59,60,61;124,123,122,121,108,95,94,81,68,67;82,83,96,109;6,5,4,3,2,1,0,13,26,39,40,41;52,65,78,91,92,105,118,119,132;113,114,101
13,0,19,14;109,122,123,124;114,127,128,141;32,33,34,35,36,49,50,63,76;62,75,88,89,90,103;105,92,93,80,67,68,69,70,71,72,73,74,87;77,64,51,38,37,24,23,22,21,20,19,18,17,16,15,14;79,66,53,54,55;111,110,97,96,95,108,121,120;25,12,11,10,9,8,7,6,5,4,3,2,1,0,13,26,27,40,41,42,43,56,57,58,59,60;140,153,154,155,142,129,116,115,102,101,100;98,85,84,83,82,81,94,107,106,119,118,131,144,145,146,147,148,149,150,151,152,139,126,113;28,29,30,31,44,45,46,47,48,61;132,133,134,135,136,137,138,125,112,99,86;168,167,166,165,164,163,162,161,160,159,158,157,156,143,130,117,104,91,78,65,52,39
13,0,20,12;86,85,98,97,96,95,94,107,120,121,122;12,11,10,9,8,7,6,5,4;32,45,58,57,70;113,126,125,124;3,16,17,18,19,20,21,22,23,24,25,38,51,64,77,90,103,116,129,142,155,168,167,166,165,164,163,162,161,160,159,158,157,156,143,130,117,104,91,78,65,66,67,68,55,42,41,40,27,14,1;137,138,139,140,127,114,101,88,75,62,49,48,47;111,112,99,100,87,74,61;43,56,69,82,81,80,93,106,119,132,133,134,135,136,123,110,109,108;54,53,52,39,26,13,0;73,60,59,46,33,34,35,36,37,50,63,76,89,102,115,128,141,154,153,152,151,150,149,148,147,146,145,144,131,118,105,92,79;44,31,30,29,28,15,2;72,71,84,83
13,0,21,14;28,29,42,43;98,99,100,113,126,125,124,123,122,121,120,133,132;60,59,46,33,20;97,84,83,70,57,56,55,54,41;130,143,156,157,158;137,138,139,140,127,114,101,102,89,76,63,50,37,24,23,10,9;105,92,93,94,95,96;115,128,141,154,153,152,151,150,149,136,135,134,147,146,145,144,131;148,161,160,159;162,163,164,165,166,167,168,155,142,129,116,103,90,77,64,51,38,25,12,11;18,5,4,3,2,1,0,13,26,39,52,65;112,111,110,109,108,107,106,119,118,117,104,91,78,79,80,81,82;44,45,58,71,72,85,86,87,88,75,62,49,36,35,22;69,68,67,66,53,40,27,14,15,16,17,30,31,32,19,6,7,8,21,34,47,48,61,74,73
13,0,22,14;115,102,101,100,113,126,139,152,151,150,163;114,127,140;164,165,166,167,168,155,142,129,116,103,90,89,88,87,86,99,112,125;49,48,47,46,45,44,57,70,83;156,157,158,159,160,161,162;56,43,30,31,32,33,34,35,36;122,135,134,133,132,131,118,105;96,109,108,107,94,81,80,67,66,53,40,27,14,1;104,117,130,143,144,145,146,147,148,149,136,123,110,97,84,71,58,59,60,61,62,63,50,37,24,23,22,21,20,19,18,17,16,29,42;153,154,141,128;0,13,26,39;121,120,119,106,93,92,79;138,137,124,111,98,85,72,73,74,75,76,77,64,51,38,25,12,11,10,9,8,7,6,5,4,3,2,15,28,41,54,55,68,69,82,95;52,65,78,91
13,0,23,12;27,40,53,66,79,80,81,82;155,168,167,166,165,164,163,162,161,160,159,146,133,132,119;145,158,157,156,143,130,117,104,91,78,65,52,39,26,13,0,1,2,3,16,29,42,55,56,57,44,45,32,33,34,35,36,37,50,63,62,61,60,73,72,71;116,129,142,141,140,139,138,125,112,113,114,101,88,89,76;24,23,22,21,20,19,18,31;49,48,47,46,59,58;14,15,28,41,54,67,68,69,70,83,96;106,107,120,121,122,123,110,97,84,85,86,87,74,75;135,136,137,124,111,98,99,100;134,147,148,149,150,151,152,153,154;126,127,128,115,102,103,90,77,64,51,38,25,12,11,10,9,8,7,6,5,4,17,30,43;144,131,118,105,92,93,94,95,108,109
13,0,24,13;122,121,120,119,118;109,96,97,84,85,86,87,74,61,48,47,46,45,44,43,42,55,54,67,66,79,92,105;131,132,133,134;72,71,70,83,82,95,94;144,145,146,147,148,135;141,154,153,152,151,138;27,14,15,16,17,18,19,20,21,22,23,24,37,50,63,76;39,26,13,0,1,2,3,4,5,6,7,8,9,10,11,12,25,38,51,64,77,90,103,116,115,114,101,100,99,98,111;108,107,106,93,80,81,68,69,56,57,58,59,60,73;110,123,136,149,162,161,160,159,158,157,156,143,130,117;140,127,128,129,142,155,168,167,166,165,164,163,150,137,124,125;102,89,88,75,62,49,36,35,34,33,32,31,30,29,28,41,40,53,52,65,78,91,104;139,126,113,112
13,0,25,11;27,28,41,42,43;147,146,145,144,131,118,105,92,79,66,53,40;68,69,70,57,58,45,32;108,109,110,111,112;37,24,23,22,21,20,19,18,17,16,15,14;56,55,54,67,80,93,106,119,132,133,134,135,148,161,160,159,158,157,156,143,130,117,104,91,78,65,52,39,26,13,0,1,2,3,4,5,6,7,8,9,10,11,12,25,38,51,50,49,36;150,137,124,125,126,113,100,99,98,97,96,95;152,153,154,141,128,115,102,89,76,75,74,73,72,71,84,83,82,81,94,107,120,121,122,123,136,149,162,163;47,48,35;44,31,30,29;34,33,46,59,60,61,62,63,64,77,90,103,116,129,142,155,168,167,166,165,164,151,138,139,140,127,114,101,88,87,86,85
13,0,26,10;16,15,28,41,54,67,68,81,94,107;136,123,124,111,112,99,100,87,74,61,48,47,46,45,58,57,70,69,82,95,108,121,134,147,146,145,144;59,72,71,84,83,96;56,43,44,31,18,5,6,7,8,9,10,11,12,25,38,51,64,77,90,103,116,129;132,131,118,105,92,79,66,53,40,27,14,1,2,3,4,17,30,29,42,55;80,93,106,119,120,133;19,32,33,34,35,36,49,62,75,88,101,114,113,126,125;0,13,26,39,52,65,78,91,104,117,130,143,156,157,158,159,160,161,162,163,164,165,166,167,168,155,142;127,140,139,138,137,150,149,148,135,122,109,110,97,98,85,86,73,60;20,21,22,23,24,37,50,63,76,89,102,115,128,141,154,153,152,151
13,0,27,15;36,49,50;64,77,90,103,116,129,142,155,154,153,152,151;83,70,71,72,59,46,33,20,19,6,5;94,81,68,55,54,41,40,27,14,15,16,17,30,43,44;76,75,74,73,60,47,34,21;63,62,61,48,35,22,23,24,37,38,51;25,12,11,10,9,8,7;144,131,132;89,102,115,128,141,140,139,138,137,150,149,148,147,146,145,158,157,156,143,130,117,104,91,78,65,52,39,26,13,0,1,2,3,4;67,80,93,106,107,108,121,122,123,124,125,126,127,114,101,88,87,86,85;28,29,42;168,167,166,165,164,163,162,161,160,159;18,31,32,45,58,57,56,69,82,95,96,109,110,111,112,113,100;53,66,79,92,105,118,119,120,133,134,135,136;99,98,97,84
13,0,28,11;164,163,162,161,160,159,158,157,156,143,130,117,104,91,78,65,52,39,26,27,14,15,16,17,30,43,56,57,58;111,124,125,126;168,167,166,165,152,151,150,149,148,135,134,133,132,119,106,93,80,81,82,83,84,85,86,87,88,89,76,63,50,37,24;54,67,68,69,70,71,72,59;127,128,141;147,146,145,144,131,118,105,92,79,66,53,40,41,28;136,137,138,139,140,153,154,155,142,129,116,115,114,113,112;13,0,1,2,3,4,5,18,31,44,45,46,47,60,73,74,75,62,49,36,23,22,21,20;61,48,35,34,33,32,19,6,7,8,9,10,11,12,25,38,51,64,77,90,103,102,101,100,99,98,97,96,95,94,107,120,121,122,123;108,109,110;29,42,55
13,0,29,13;16,29,28,41,40;24,23,22,21,20,33,46,59,72,71,70,69,68,67,80,93,106,119,132,131,130,143,156,157,158,159,160,147,134,121,108,95,96,97,98,99,112;77,90,103;111,110,109,122,135,148,161,162,163,164,165,166,167,168,155,142,129,116,115,102,89,88,87,100;118,117,104,91,78,65,52,39,26,27,14,15,2,3,4,5,6,7,8,9,10,11,12,25,38,51,64,63,76,75,74;13,0,1;61,62,49,50;48,35,36,37;31,44,43,42,55,54,53,66,79,92,105;144,145,146,133,120,107,94,81,82,83,84,85,86,73,60,47,34;30,17,18,19,32,45,58,57,56;128,141,154,153,152,151,150,149,136,123,124,125,126,113;137,138,139,140,127,114,101
13,0,30,15;108,95,82,69,56;14,15,28,41,54,67,80,93,106,119,132,133,134,135,136,137,138,125,112,99,100,87;6,7,8;61,62,63,76,89;26,39,52,65,78,91,104,117,130,143,156,157,158,159,160,161,162,163,164,165,152,139,126,113,114,115,116,129,142;155,154,141,128,127;23,36,35,34,33,46,59,72,71,84,97;168,167,166,153,140;110,109,122,121,120,107,94,81,68,55,42,29,16,3,2,1,0,13;27,40,53,66,79,92,105,118,131,144,145,146,147,148,149,150,151;25,24,37,50,49,48,47,60,73,86,85,98,111,124,123;96,83,70,57,44,31,18,19,20,21,22,9,10,11,12;58,45,32;43,30,17,4,5;74,75,88,101,102,103,90,77,64,51,38
13,0,1,14;19,6,5,4,3,2,1,0,13,26,39,52,65,78,91,92;110,109,108,95;125,126,127,128,141,154,153,152,151,150,149,136,135,134,133,132,119,118;104,117,130,143,156;105,106,93,80,81,82,83,84,85,86,73,60;43,44,45,32,33,34,21,22,23;79,66,53,40,27,14,15,16,17,18;99,100,87,74,61,48,47,46,59,72,71,70,69,68,67,54,41,28,29,30,31;12,25,38,51,64,77,90,103,116,129,142,155,168,167,166,165,164,163,162,161,160,159,158,157,144,131;42,55,56,57,58;94,107,120,121,122,123,124,137,138,139,140;148,147,146,145;35,36,49,62,75,88,101,114,113,112,111,98,97,96;20,7,8,9,10,11,24,37,50,63,76,89,102,115
13,0,2,11;72,71,58,45,46,47,48,49,62,75,88,101,114,127,140,139,152,151,150,163,162,161,160,159,146,145,144,131,118,105,92,79,66,53,40;27,28,29,30,17,18,19,20,21,22,23,24;84,83,96,109;99,112,111,124,123;158,157,156,143,130,117,104,91,78,65,52,39,26,13,0,1,2,3,4,5,6,7,8,9,10,11,12,25,38,51,64,77,90,103,116,129,142,155,168,167;121,108,95,82,69,70,57;147,148,149,136,137,138,125,126,113,100,87,74,61;14,15,16;164,165,166,153,154,141,128,115,102,89,76,63,50,37,36,35,34,33,32,31,44,43,56,55,68,81,94,107,120;59,60,73,86,85,98,97,110;122,135,134,133,132,119,106,93,80,67,54,41,42
13,0,3,10;151,150,149,148,147,146,145,144,131,118,117,104,91,92,93,94,107,120,121,122,123,124;74,87,100,113,112,111;125,126,127,114,101,88,75,62,49,36,23,10,11,12,25,38,51,64,77,90,103,116,129,142,155,168,167,166,165,164,163,162,161,160,159,158,157,156,143,130;108,109,110;53,40,27,14,15,16,17,4,5,6,7,8,9,22,35,48,61,60,73,86,99,98,97,96,95,82,69,56;154,153,152,139,138,137,136,135,134,133,132,119,106,105;78,79,80,81,68,55,42,43,44,57,70,83,84,85,72,59,46,47;24,37,50,63,76,89,102,115,128,141,140;21,20,19,18,31,30,29,28,41,54,67,66,65,52,39,26,13,0,1,2,3;71,58,45,32,33,34
13,0,4,13;72,85,84,83,96,109,122,121,134;107,120,133;144,131,118,105,92,79,80,67,54;42,43,30,31,32,33,20,7,6,5,4,3,2,1,0,13;41,40,53,66;162,163,164,151,138,125,112,113,100,87,74,61,48,35,22,23,24,37,50,63,76,89,102,115,128,141,154,167;15,14,27,26,39,52,65,78,91,104,117,130,143,156,157,158,159,160,161,148,135,136,123,110,97,98,99,86,73,60,59,58,71,70,69,82,95,108;111,124,137,150,149;168,155,142,129,116,103,90,77,64,51,38,25,12,11,10,9,8;36,49,62,75,88,101,114,127,140,153;126,139,152,165,166;19,18,17,16,29,28;147,146,145,132,119,106,93,94,81,68,55,56,57,44,45,46,47,34,21
13,0,5,13;136,135,134,133,132,131,130,117,104,91,78,65,52,39,26,13,0,1,2,3,4,5,6,7,8,9,10,11,12,25,38,51,64,77,90,103,102,101;137,124,111,110,97,84,71,70;144,145,146,147,160;116,129,142,155,154,153,152,139;140,127,126,113,100,87,88,89,76,63,50;114,115,128,141;159,158,157,156,143;24,23,22,21,20,19,18,17,16,15,14,27,40,53,66,79,92,105,118,119,120,121,122,123;148,161,162,163,164,165,166,167,168;95,94,81,68,55,42,43,44,45,46,47,60;61,48,35,34,33,32,31,30,29,28,41,54,67,80,93,106;149,150,151,138,125,112,99,86,73,74,75,62,49,36,37;98,85,72,59,58,57,56,69,82,83,96,109,108,107
13,0,6,13;28,29,30,31,32,33,46,59;69,82,81,94,107;134,133,132,131,118,105,92,79,66,53,54,41,42;128,115,102,89,76,63,64,51,38,25,12;40,27,14,15,16,17,18,19,20;136,123,122,121,120,119,106,93,80,67,68,55,56,57,70,83,84,85,86,99,112,125,126,127,140,141,154;165,164,151,150,149;156,157,158,159,160,161,162,163;108,95,96,97,98;109,110,111,124,137,138,139,152,153,166,167,168,155,142,129,116,103,90,77;43,44,45,58,71,72,73,60,47,34,21,22;135,148,147,146,145,144,143,130,117,104,91,78,65,52,39,26,13,0,1,2,3,4,5,6,7,8,9,10,23,36,35,48,61,74,87,100,113,114;11,24,37,50,49,62,75,88,101
13,0,7,15;28,15,2,1,0,13,26,39,52,65,66,79,92,105,106,107,108;62,63,50,37,24,23,22,21,20,19,18,17;47,46,45,44;87,88,89,90,103,116,129,142,155,168,167,166,153,140,127,114;112,125,138,151,150,149,148,147,146,159;101,102,115,128,141,154;123,110,97;164,165,152,139,126,113,100,99,86,73,60,59,58,57,70,69,68;84,83,82,81;78,91,104;145,158,157,156,143,130,117,118,119,120,121,122,109,96,95,94,93,80,67,54,41,42,29,16,3,4,5,6,7,8,9,10,11,12,25,38,51,64,77,76,75,74,61,48;163,162,161,160;55,56,43,30,31,32,33,34,35,36,49;53,40,27,14;144,131,132,133,134,135,136,137,124,111,98,85,72,71
13,0,8,14;108,121,134;135,148,147,146,133,120,107,94,81,68,55,56,57,58,59,46,33,34,35,36,49,62,63,76,89,102,115,114,113,112;136,123,110;122,109,96,95,82,69,70,71,72,85;99,100,101,88,75,74,61,48,47;137,124,111,98,97,84,83;149,150,151,138,139,140;131,118,105,92,79,66,53,40,27,14;154,141,128,127,126,125;165,164,163,162,161,160,159,158,157,156,143,130,117,104,91,78,65,52,39,26,13,0,1,2,3,4;43,44,45;42,29,30,31,32,19,20,21,22,23,24,37,50,51,64,77,90,103,116,129,142,155,168,167,166,153,152;60,73,86,87;38,25,12,11,10,9,8,7,6,5,18,17,16,15,28,41,54,67,80,93,106,119,132,145,144
13,0,9,15;66,79,92;154,153,152,151,150,149,148,147,160;36,49,62,61,60;58,45,32,33,34;111,112,113,114,115,102,89,90,77,64,51,38,25,12,11,10,9,8,21,20,19,18;107,94,81,80,67,54,41,28,29;124,125,126,127,128,129,116,103;93,106,105,118,131,144;145,132,119,120,121,108,95,82,69,68,55;137,138,139,140,141,142,155,168,167,166,165,164,163,162,161;83,84,85,86,99,100,101,88,75,76,63,50,37,24,23,22,35,48,47,46,59;42,43,56,57,70,71,72,73,74,87;96,109,122,135,134,133,146,159,158,157,156,143,130,117,104,91,78,65,52,53,40,27,14,15,16,17,30,31,44;7,6,5,4,3,2,1,0,13,26,39;136,123,110,97,98
13,0,10,13;112,113,114,127,128,141,154,153;36,35,34,47,60,73,86,99,100,101;72,85,98,97,96;32,31,30,29,28,41,54,67,80,81,94,95,108,109,110,111;135,134,133,132,119;84,83,82,69,68,55,42,43,44,45,58,59;115,116,129,142,155,168,167,166,165,164,163,162,161,160,159,158,157,156,143,130,117,104,91,78,65,52,39,26,13,0,1,2,3,4,5,6,7,8,9,10,11,12,25,38,51,64,63,62;56,57,70,71;46,33,20,21,22,23,24,37,50,49,48,61,74,87,88,89,102;93,92,79,66,53,40,27,14,15,16,17,18,19;126,125,124,123,122,121,120,107,106,105,118,131,144,145,146,147,148,149,150,151,152;136,137,138,139,140;103,90,77,76,75
13,0,11,13;156,143,130,117,118,119,132,145,146,147,148,149,150,151,138,139,126,113;131,144,157,158,159,160,161,162,163,164,165,152,153,154,141,128,115,102,89,88;40,27,14,15,16,17,18;85,72,59,58,45,32,19,20,21,22,23,24,37,50,63;92,93,94,95,108,121,122,123;43,42,55,68,67,66,65,78,91,104;137,136,135,134,133,120,107,106,105;166,167,168,155,142,129,116,103,90;140,127,114,101,100,87,86,73,60,47,46;33,34,35,36,49,62;125,112,99,98,97,84,71;124,111,110,109,96,83,70;48,61,74,75,76,77,64,51,38,25,12,11,10,9,8,7,6,5,4,3,2,1,0,13,26,39,52,53,54,41,28,29,30,31,44,57,56,69,82,81,80,79
13,0,12,12;111,110,109;100,101,114,127,140,153,152,151,138,137,136,135,134,133,120,107,94,93,80,67,68,69,56;81,82,95,108,121,122,123,124,125,112,99,98,97,84;139,126,113;76,77,90,103,116,129,142,155,168;87,86,85,72;66,79,92,105,106,119,132,145,146,147,148,149,150;96,83,70,71,58,59,60,73,74,75,88,89,102,115,128,141,154,167,166,165,164,163,162,161,160,159,158,157,156,143,130,117,104,91,78,65,52,53,54,55,42,43;118,131,144;50,49,36,35,34,33,32,31;30,29,28,41,40,39,26,13,0,1,2,3,4,5,6,7,8,9,10,11,12,25,38,51,64,63,62,61,48,47,46,45,44,57;27,14,15,16,17,18,19,20,21,22,23,24,37
13,0,13,13;80,93,106,119,132,131,144;141,140,139,138,125,112,99,86,73,60,61,62,49,36,23,10,9,8,7,6,5,4,3,2,1,0;75,74,87,100,101,114,115,128;25,38,51,64;40,39,26,13,14,15,16,17,18,19,20;88,89,102,103,116,129,142,155,168,167,166,165,164,163,162,149,136,123,110,97,84,71,58,45,32,33,34,21;22,35,48,47,46,59,72,85,98,111,124,137,150,151,152,153,154;65,78,91,104,117,130,143,156,157,158,159,160,161,148,135,122,109,96,83,70,57,44,31,30,29,28,27;12,11,24,37,50,63,76,77,90;52,53,54,41,42,43,56,69,82,95,108,121,134,147,146,145;55,68,67,66,79,92,105,118;127,126,113;81,94,107,120,133
13,0,14,12;44,31,18,17,16,15,14,27,40,41,42,55,68,69,70,71,72,59,46;145,144,131,118,105,92,79,80;10,9,8,7,20,33,34,47,60,73,86,99,98,97,96,95;11,12,25,38,51,64,77,90,103,116,129,142,155,168,167,166,165,164,163,162,161,160,147,134,121,120,107,94,81,82,83,84,85;35,48,61,74,87,100,113,112,111,110;148,135,122,109,108;127,126,125,124,123,136,149,150,151,152,153,154;28,29,30,43,56,57,58,45,32,19,6,5,4,3,2,1,0,13,26,39,52,53,54;137,138,139,140,141,128,115,114,101,88,75,62,49,36;21,22,23;93,106,119,132,133,146,159,158,157,156,143,130,117,104,91,78,65,66,67;102,89,76,63,50,37,24
13,0,15,13;36,49,62,61,60,59,58,71,84,97,110,123,122,121;77,64,51,38,25;67,66,65,52,39,26,13,0,1,2,3,4,5,6,7,8,9,10,11,12;70,57,44,45,46,47,48,35,22,23,24,37,50,63,76;126,125,124,111,98,85,72,73,74,87,100,101,102,115,128,141,154,153,152,151,150,149,136,135,134;95,94,81,68,55,54,53;156,143,130,117,104,91,78,79,80,93,106,107,108,109,96,83,82,69,56,43,42,41,40;14,27,28,29,30,31,32,33,34;15,16,17,18,19,20,21;131,144,157;86,99,112,113,114,127,140,139,138,137;148,147,146,133,120;92,105,118,119,132,145,158,159,160,161,162,163,164,165,166,167,168,155,142,129,116,103,90,89,88,75
13,0,16,13;62,63,50,37,24,23,22,21,20,19;31,18,5,6,7,8,9,10,11,12,25,38,51,64,77,90,103,116,129,142,155,168,167,166,153,140,127,114,113;165,152,139,126,125,112,99,100,101,88,75;27,40,53,66;16,15,14;154,141,128,115,102,89,76;97,110,123,136,135,134,133,132,119,118,105,92,79,80,67,54,41,28;49,36,35,34,33,32,45,44;60,73,72,71,84,83,82,95,108;96,109,122,121,120,107,106;93,94,81,68,55,42,29;138,151,164,163,162,161,160,159,158,157,156,143,130,117,104,91,78,65,52,39,26,13,0,1,2,3,4,17,30,43,56,69;131,144,145,146,147,148,149,150,137,124,111,98,85,86,87,74,61,48,47,46,59,58,57,70
13,0,17,11;114,127,140,139,138,137,136,135,134,133,120,107;62,61,48,47,34,33,32,31,18,17,16,3,2,1,0,13,26,39,52,53,54,67;4,5,6,7,8,9,10,11,12,25,38,51,64,77,90,103,116,129,142,155,168,167,166,165,164,163,162,161,160,159,158,157,156,143,130,117,104,91,78,65,66;112,99,98,97,84,71,58,57,56,43,30,29,28,15,14;93,94,95,108,121,122,123;144,131,118,105,92,79,80,81,82,83,96,109,110,111,124,125,126,113,100,87,86,85,72;19,20,21,22,35,36,49;27,40,41,42,55,68,69,70;23,24,37,50,63,76,89,88;101,102,115,128,141,154,153,152,151,150,149,148,147,146,145,132,119,106;75,74,73,60,59,46,45,44
13,0,18,12;149,150,137,124,111,98,85,72,59,46,45,44,43,42,55,68,69,70,83;91,78,65,52,39,26,13,0,1,2,3,4,5,6,19,20,21;106,105,104,117,130,143,156;12,25,38,51,64,77,76,75,74,73,86,99,112,125,138,151,152,153,154,141,128,127,114,101;140,139,126,113,100,87,88,89,90,103;11,24,37,50,63,62,61,60;30,29,28,41,54,67,80,81,82;133,134,121,122,109,96,95,94,93,92,79,66,53,40,27,14,15,16,17,18,31;102,115,116,129,142,155,168,167,166,165,164,163,162,161,160,159,158,157,144,131,118;56,57,58,71,84,97,110,123,136,135,148,147,146,145,132,119,120,107,108;10,23,36,49,48,47;32,33,34,35,22,9,8,7
13,0,19,14;118,131,144,145;138,137,150,149,148,147,146,133,132,119,106,105;136,123,124,125,126,139,152,165,166,167,168,155,142,129,116,103,90,77,76,75,62;120,107,94,93,92;48,61,74,87,88,89;32,19,18,17,16,15,14,27,40;135,122,109,110,111,112,113,114,127,140,153,154;151,164,163,162,161,160,159,158,157,156,143,130,117,104,91,78,65,66,67,54,41,28,29;134,121,108,95,96,97,98,99,86,73,72,71,70,57,44,45,46,33,20,21,22,23,24,37;79,80,81,68,55,42;53,52,39,26,13,0,1,2,3,4,5,6,7,8,9,10,11,12,25,38,51,64;63,50,49,36,35,34,47,60,59,58;85,84,83,82,69,56,43,30,31;141,128,115,102,101,100
13,0,20,14;63,62,61,74,87,100;14,15,16,17;58,45,44,43,42,41,54,67,80,93,106,107,108,109,122,135,136,137,138,139;69,82,83,84;168,155,142,129,116,103,90,77,76,75,88,101,114,113,112,99;11,10,9,8,7,6,19,32;124,111,98,85,86,73,60,47,48,49,50,51,64;28,27,40,53,66,79,92,105,118,131,144;12,25,24,23,22,21,20;123,110,97,96,95,94,81,68,55,56,57,70,71,72,59,46,33,34,35,36,37,38;4,5,18,31,30,29;125,126,127,140,153,152,151,150,149,148,147,134;89,102,115,128,141,154,167,166,165,164,163,162,161,160,159,146,133;121,120,119,132,145,158,157,156,143,130,117,104,91,78,65,52,39,26,13,0,1,2,3
13,0,21,12;50,37,24;93,94,107,108,109,110,111,112,99,86,73,60,59,46,33,20,7,8,9,22,35,36,49,62,63;132,133,134,135,136,137,138,139,140,127,114,101,88;104,117,130,143,156,157,158,159,160,161,162,163,164,165,166,167,168,155,142,129,116,103,90,77,64,51,38,25;12,11,10,23;144,145,146,147,148,149,150,151,152,153,154,141,128,115,102,89,76,75,74,87,100,113,126,125,124,123,122,121,120,119,106;18,17,16,15,14,27;21,34,47,48,61;45,44,43,42;6,5,4,3,2,1,0,13,26,39,52,65,78,91,92,105,118,131;84,83,70,69,68,81,80,79,66,53,40,41,28,29,30,31,32,19;67,54,55,56,57,58,71,72,85,98,97,96,95,82
13,0,22,15;87,74,61;118,105,92,93,94,95,96;35,34,33,32,45,58,71,84,97,110,123,136,149;3,16,15,14,27,40,53,66,79,80,81,82,83,70,57,56,43;12,25,38,51,64,77,90,103,116,129;60,73,86;24,11,10,9,8,7,6,5,4,17,30,29,28,41,54,67;88,101,114,113,112,111,124,137,150,163,162;75,62,49,48,47,46,59,72,85,98,99,100;156,143,144,145,146,147,134;121,120,133;2,1,0,13,26,39,52,65,78,91,104,117,130,131,132,119,106,107,108,109,122,135,148,161,160,159,158,157;42,55,68,69;154,153,152,151,138,125,126,127,128,115,102,89,76,63,50,37,36,23,22,21,20,19,18,31,44;139,140,141,142,155,168,167,166,165,164
13,0,23,15;84,97,110,111,112,125,138,139;38,51,64,77,90,103;126,113,100,99,98,85;140,141,142,155,168,167,166,165,164,163,162,161,160,159,158,157,144,131,132,133,134,135,136,123,124;105,106,107,94,81,80,79,78,65,52,39,26,13,0,1,2,3,4,5,6,7,8,21,34,47,60,73,86;25,12,11,10;116,115,102,89,76,63,50,37,24;9,22,35,48,61,74,75;145,146,147,148,149,150,137;154,153,152,151;118,119,120,121,122,109,96,83,70,71,72,59,46,33,20,19,18,17,16,15,14,27,40,53,66,67,68,55,42,43,44;129,128,127,114,101,88,87;108,95,82,69,56,57,58,45,32,31,30,29,28,41,54;93,92,91,104,117,130,143,156;23,36,49,62
13,0,24,11;14,27,40,53,54,55,42,29,30,31,32,33,34,35,36;117,104,91,78,79,80,81,82,95,96,109,110,111,112,113,126,127,140,153,152,151,150,137,136;139,138,125,124,123,122,135,148,149;41,28,15,16,17,18,19,20,21,22,23,24,37,50,63,76;61,60,59,58,57,70,83,84,85,86,87,88,89,90,77,64,51,38,25,12,11,10,9,8,7,6,5,4,3,2,1,0,13,26,39,52;97,98,99,100,101,114,115,128,141,154;71,72,73,74,75,62,49,48,47,46,45,44,43,56,69,68,67,66,65;143,156,157,158,159,146,133,120,119,106;132,145,144;166,165,164,163,162,161,160,147,134,121,108,107,94,93,92,105,118,131,130;102,103,116,129,142,155,168,167
13,0,25,12;14,15,2,3,4,5,6,7,8,9,10,11,12,25,38,51;40,53,66,79,78;91,104,117,130,131,132,133;143,144,145,146,147;72,73,74,61,48;113,126,125,124,111,98,85,86,87,88,89,102,115,128,141,154,153,152,151,150,149,148,135,134,121,120,119,118,105,92;65,52,39;122,109,96,83,70,57,44,45;64,63,50,37,24,23,22,21,20,19,18,17;112,99,100,101,114,127,140,139,138,137,136,123,110,97,84,71,58,59,46,33,32,31,30,43,56,69,82,95,108,107,106,93,80,67,54,41,28,27,26,13,0,1;156,157,158,159,160,161,162,163,164,165,166,167,168,155,142,129,116,103,90,77,76,75,62,49,36,35,34,47,60;16,29,42,55,68,81,94
13,0,26,14;55,54,53,52;8,9,10,11,12,25,38,51,64,77,90,103,116;93,92,105,118,131;67,66,65;48,61,74,87,100,113,114,127,140,141,154;57,56,43,42,41,40,39,26,13,0,1,2,3,4,5,6,7,20,21,22,23,24,37,50,63,76,89;153,152,139,126;136,149,148,147,146,133,120,121,108;110,97,98;144,145,132,119,106,107,94,95,82;123,124,111,112,99,86,73,60,47,34,35,36,49,62,75,88,101,102,115,128,129,142,155,168,167,166;165,164,151,138,125;137,150,163,162,161,160,159,158,157,156,143,130,117,104,91,78,79,80,81,68,69,70,71,58,45,44,31,30,29,28,27;14,15,16,17,18,19,32,33,46,59,72,85,84,83,96,109,122,135,134
13,0,27,13;128,141,154,167,166,165,164,151,138,139,126,113,112,99,86;125,124,123,136,149,148,147,146,145,144,131,118,105,92,79,66,53,40,27,14,15,16,17,18;45,46,33,34,35,36,37;70,83,82,81,80,93,106,119,132,133,134,135,122;3,4,5,6,7,8,9,10,11,12,25,38,51,64,77,90,103,116,129,142,155,168;101,88,75,62,61;30,29,28,41;100,87,74,73,72,85,98,111,110,109,108,121;24,23,22,21,20,19,32,31,44,43,42,55,54;67,68,69,56,57;97,96,95,94,107,120;137,150,163,162,161,160,159,158,157,156,143,130,117,104,91,78,65,52,39,26,13,0,1,2;84,71,58,59,60,47,48,49,50,63,76,89,102,115,114,127,140,153,152
13,0,28,14;50,37,24,23,22,21,20,19;97,84,71,72,73,74,75,76,63,64,51,38,25,12,11,10,9,8,7,6,5,18;0,13,14,15,16;40,53,66,79,92;77,90,89,88,87,86,85,98,111,112,113,114,115,116,129,142,155,168,167,166,153,140,139,138,137,136,135,134,133,132,131,130,143,156;105,106,93,80,67;99,100,101,102,103;158,159,160,161,162,163,164,165,152;151,150,149,148,147,146,145,144,157;47,46,45,44,43,42,29,28,27,26,39,52,65,78,91,104,117,118,119;154,141,128,127,126,125,124,123,122,121,108,95,82,69,56,55,54,41;36,49,62,61,60,59,58,57,70,83,96,109,110;120,107,94,81,68;1,2,3,4,17,30,31,32,33,34,35,48
13,0,29,13;133,120,107;126,125,124,111,98,97,84,71,70;140,127,114,113,112,99,86,85;24,37,38,51,64;1,0,13,26,39,52,65,78,91,104,117,130,143,156;14,27,40,53,66,79,92,105,118,131,144,157,158,159,160,161,162,163,164,165,166,167,168,155,142,129,116,103,90,77,76,63,50,49,36,23,22,9;19,18,31,30,43,56,69,82,83,96,109,110,123,136,137,138,139;25,12,11,10;17,16,29,42,55,68,81,94,95;33,20,7,6,5,4,3,2,15,28,41,54,67,80,93,106,119,132,145,146,147,134,121,108;122,135,148,149,150,151,152,153,154,141,128,115,102,101,100,87,74,73,72,59,58,57,44;8,21,34,35,48;32,45,46,47,60,61,62,75,88,89
13,0,30,15;27,14,1,2,3,4,5,18,31,44,57,70,71,84,97,110,111,112,113,100,87,86,73,60,47;68,67,66,79,92,93,106,119,132,133,134;20,21,22,23;46,33,34,35,36,37,24,25;159,160,161,162,163,164,165,166,153,140,139,138,137,136,135;76,75,74;102,115,128,141,154;152,151,150,149,148,147,146,145,144,131,118,105,104,91,78,65,52,53,54,55,42,29;89,88,101,114,127,126,125,124,123,122,109,108,95,94,81,80;121,120,107;61,62,63,64,77,90,103,116,129,142,155,168,167;158,157,156,143,130,117;0,13,26,39,40,41,28,15,16,17,30,43,56,69,82,83,96;48,49,50,51,38;12,11,10,9,8,7,6,19,32,45,58,59,72,85,98,99
13,0,1,13;56,69,82,83;101,88,75,62,49,48,47,46,45,44,57,70,71;36,35,34,33,32,31,30,29,28,41,54,53,52,39,26,13,0,1,2,3,4,5,6,7,8,9,10,11,12,25,38,51,64,77,90,103,116;142,155,168,167,166,165,164,163,162,161,148,135,136,137,138,139,126,113,100,87,74,61,60;149,150,151,152,153;146,145,144,131,118;40,27,14,15,16,17,18,19,20,21,22,23,24,37,50,63,76,89,102,115,128,129;58,59,72,85,98,111,110,109,108,107,106,105,92,79,80;84,97,96,95,94,93;154,141,140,127,114;120,121,122,123,124,125,112,99,86,73;81,68,55,42,43;67,66,65,78,91,104,117,130,143,156,157,158,159,160,147,134,133,132,119
13,0,2,14;32,31,30,29,28,41,54;144,145,146,147,134;135,136,137,138,139,140;44,43,42;105,92,93,94,95,96,97,98,85,72,59,60,47,34,21;68,69,70,71;49,36,23,10,9,8,7,6,5,4,3,2,1,0,13,26,39,52,65,78,91,104,117,118,119,106,107,108,109,110,111,112,99,86,73;75,62,61,48,35,22;148,161,160,159,158,157,156,143,130,131,132,133,120,121,122,123,124,125,126,113,100,101,102,103,90,77,64,51,38,25,12,11;55,56,57,58,45,46,33,20,19,18,17,16,15,14,27,40,53,66,79;84,83,82,81,80,67;127,128,141,154,153,152,151,150;114,115,116,129,142,155,168,167,166,165,164,163,162,149;74,87,88,89,76,63,50,37,24
13,0,3,14;80,81,82;64,63,62,75,74;23,22,21,20,33;29,28,41,54,67,68,69,56;116,129,142,155,168;101,102,103,90,77;3,2,1,0,13,26,39,52,65,78,91,104,117,130,143,156,157,158,159,160,161,162,163,164,165,166,167,154,141,128,115;45,32,19,6,7,8,9,10,11,12,25,38,51,50,49,48,61,60,73,72,71,70,83,96,95,94,107;114,127,140,153,152,151,150;93,106,119,132,133,134,135,122,123,124,111,98;100,99,112,125;120,121,108,109,110,97,84,85,86,87,88,89,76;113,126,139,138,137,136,149,148,147,146,145,144,131,118,105,92,79,66,53,40,27,14,15,16,17,30,43,42,55;24,37,36,35,34,47,46,59,58,57,44,31,18,5,4
13,0,4,13;130,131,144,145,146,147,134,121;31,18,17,16,15,14,27,40,53,66,79,92,105,106,107,120;51,38,25,12,11,10,9,8,7,20,33,46,59,72,85,86,99,112,113,126,139,138,137,136,123,110;140,127,114,101,88,75;100,87,74,73,60,47,34,21,22,23,24,37,50,49;82,81,68,55,42;62,61,48,35,36;45,32,19,6,5,4,3,2,1,0,13,26,39,52,65,78,91,104,117,118,119,132,133;143,156,157,158,159,160,161,162,163,164,165,166,167,168,155,142,129,116,103,90,77,64,63;76,89,102,115,128,141,154,153,152,151,150,149,148,135,122,109,108,95,94,93,80,67,54,41,28,29,30,43,44,57,58,71;84,97,98;125,124,111;96,83,70,69,56
13,0,5,13;156,143,130,117,104,91,78,65,52,39,26,27,28,41;40,53,54,55,42,43,30,17,4,5,6,7,8,9,10,11,12,25,38,51,64,77,90,103,116,129,142,155,168,167,166,165,164,151,138;147,134,135,122,109,96,97;128,115,102,89,76,63,50,37,24,23,22,21,20,19,18,31,44,57,56,69;29,16,3,2,1,0;153,152,139,126;113,112,125,124,137,150,163,162;100,87,74,61,48,47,46,59,72,85,84;107,94,81,68,67,66,79,92,105,118,131,132;15,14,13;145,146,133,120,121,108,95,82,83,70,71,58,45,32,33,34,35,36,49,62,75,88,101,114,127,140,141,154;144,157,158,159,160,161,148,149,136,123,110,111,98,99,86,73,60;80,93,106,119
13,0,6,14;48,47,60,73,86,99,100,113;152,151,150,149,148,147,134,133,120,107,94,93;78,65,52,39,26,13,0,1,2,3,4,5,6,7,8,9,10,11,12,25,38,51,64,77,90,103,116,129,142,155,168,167,166,165,164,163,162,161,160,159,146,145,144,131,118;61,74,87,88,101,114,127,126;91,104,117,130,143,156,157,158;29,30,31,32,33,46,59,72,85,98,111,112,125,138,139,140,153,154;14,27,40,53,66;63,50,37,24;35,34,21,20,19,18,17,16,15,28,41;22,23,36,49,62,75,76,89,102,115,128,141;57,70,83,82,95,108,121,122,135,136,137,124;56,69,68,81,80,79,92,105,106,119,132;67,54,55,42,43,44,45,58,71,84,97,96;109,110,123
13,0,7,15;14,27,40,53,66,79,92,105;123,122,121;147,134,135,136,137,124,111,110,109,108,95,82,69,56,43,44,45,46,33,20,7;51,38,25,12,11,10,9,8,21,34,47,60,59,58,57;68,55,42,29,30,31,32,19,6,5,4,3,2,1,0,13,26,39,52,65,78,91,104,117,130,143,156,157,158;132,133,120,107,94;150,151,138,125,112;36,49,62,61,74,73,72,71,70,83,96,97,98,99,100,101,102,89;64,77,76,75,88,87,86,85,84;28,41,54,67;63,50,37,24,23,22,35,48;141,154,153,152,139,126,113,114,115,116,103,90;148,149,162,163,164,165,166,167,168,155,142,129,128,127,140;18,17,16,15;81,80,93,106,119,118,131,144,145,146,159,160,161
13,0,8,14;106,107,94,81,82,83,84,71,58,57,56;127,140,139,152,151,150,149,148,147,134,133,132,131,118,105,92,93,80,67;144,145,146;109,122,135,136,137,138,125,126,113,100,87,74,75,76,63,50,37,36,35,48;70,69,68,55,54,53,66,79,78,91,104,117,130,143,156,157,158,159,160,161,162,163,164,165,166,167,168,155,142,129,116,103,102;65,52,39,26,13,0,1,2,3,4,5,6,7,20,33;31,44,43,42,41,40;101,114,115,128,141,154,153;124,123,110,97,98,85,72,59,46,45,32,19,18,17,16,15,14,27;30,29,28;96,95,108,121,120,119;24,23,22;88,89,90,77,64,51,38,25,12,11,10,9,8,21,34,47,60,73,86,99,112,111;49,62,61
13,0,9,13;70,69,56,43,30,29,28,27,14;73,74,75,76,63,50,37,24,23,22,35,48,47,46,45,58,71,84,97,110,123;7,20,19,18,17,16,15;99,100,101;129,116,103,90,77,64,51,38,25,12,11,10,9,8,21,34,33,32,31,44,57;86,87,88,89,102,115,114,127,140,153,154;156,143,130,117,118,119,132,145,158;124,125,138,151,164,165,166,167,168,155,142,141,128;131,144,157;150,149,148,147,134,121,108,95,94,93,92,79,66,53,40,41,42,55,68;54,67,80,81,82,83,96,109,122,135,136,137;36,49,62,61,60,59,72,85,98,111,112,113,126,139,152;163,162,161,160,159,146,133,120,107,106,105,104,91,78,65,52,39,26,13,0,1,2,3,4,5,6
13,0,10,14;32,31,44,57,58;3,16,29,42,55;84,85,86;76,63,50,49,48,47,34,33,20,19,18,17,30,43,56,69,68,67,54,41,28,15,2,1,0,13,26,39,52,65,78,91;12,11,10,9;73,74,87,100,99,98,97,96,95,94,93,92,105,118,119,120,121,122,123,124,125,126;141,154,153,152,151,150,149,148,147,146,145,144,131;106,107,108,109,110,111,112,113,114,101,102,103,116,129,142,155,168,167,166,165,164,163,162,161,160,159,158,157,156,143,130,117,104;14,27,40,53,66,79,80,81,82,83;132,133,134,135,136,137,138;45,46,59,72,71,70;60,61,62,75,88,89,90,77,64,51,38,37,36,35;139,140,127,128,115;25,24,23,22,21,8,7,6,5,4
13,0,11,14;37,24,23,22,9,8,7,6,5,4,3,16,15,14,27,40;34,33,32,31,44,57,70,71;10,11,12,25,38,51,64,77,90,103,116,129,142,155,168,167,166,165,164,163,162,149,136,123,110,97,84,83,82,69,56,43;48,61,60,59,72,85,98,111,124,137,150,151,152,153,154,141,128,115,102,89,76,63,50;113,100,87,74,73;96,109,122,135,148,147,146,145,144,131,118,105,92,79,66,53;21,20,19,18,17,30,29,42,55;58,45,46,47;86,99,112,125,126,127,114,101,88,75,62,49,36,35;132,119,106,93,80;138,139,140;95,108,121,134;28,41,54,67,68,81,94,107,120,133;2,1,0,13,26,39,52,65,78,91,104,117,130,143,156,157,158,159,160,161
13,0,12,11;112,99,86,73,60,59,46,33;107,94,81,82,69,56,55,54,41,28,15,14;39,52,65,78,91,104,117,130,143,156,157,158,159,160;113,100,87,74,61,48,47,34;68,67,80,93,106,119,120,121,122,123;72,85,98,111;138,139,140,127,114,101,88,75,62,49,36,35,22,21,20,19,32,45,58,71,84,97,110,109;126,125,124,137,150,151,152,153,154,141,128,115,102,89,76,63,50,37,24,23;108,95,96,83,70,57,44,31,18,5,6,7,8,9,10,11,12,25,38,51,64,77,90,103,116,129,142,155,168,167,166,165,164,163,162,149,136,135,134,133,132,131,118,105,92,79,66,53,40,27,26,13,0,1,2,3,16,29;144,145,146,147,148,161;42,43,30,17,4
13,0,13,15;19,20,33,34,35,36,49,62,75,88;9,10,11,12,25,38,51,64,77,90,103,116,129,142,155,168,167,166,165,164,163,150,137,138,139,126,127,114,101,100,99,98,111;53,40,41,42,43,44;145,132,119,106,93,94,81,68,55,56,57,58,59;136,135,148;97,84,85,86,87,74,61,48,47,46,45,32,31,18,17,16,15,14,27,26,39;146,133,120,107,108,95,82,69;60,73,72,71,70,83,96,109,110,123,124,125,112,113;140,153,152,151;144,131,118,105,92,79,66;54,67,80;149,162,161,160,159,158,157,156,143,130,117,104,91,78,65,52;28,29,30;147,134,121,122;154,141,128,115,102,89,76,63,50,37,24,23,22,21,8,7,6,5,4,3,2,1,0,13
13,0,14,12;62,75,88,101;55,42,43,44,31;24,23,22,21,20,33,46,59,72,71,70,69,68,81,94,107,120,133,146;115,102,89,76,63;154,153,152,151,150,149,148,147,160,159,158,145,132,131,130,143;67,80,93,106,119,118,117,104,91,78,65,52,39,40,27,14,15,16;156,157,144;161,162,163,164,165,166,167,168,155,142,141,140,127,114,113,112,111,110,109,108,95,82,83,84,85,86,73,60,47,34,35,36,37,38,25,12,11,10,9,8,7,6,5,4,3,2,1,0,13,26;105,92,79,66,53,54,41,28,29,30,17,18,19,32,45,58,57,56;128,129,116,103,90,77,64,51,50,49,48,61,74,87,100,99,98,97,96;125,124,123,122,121;134,135,136,137,138,139,126
13,0,15,13;80,67,54,41,28;46,59,72,73,74,87,100,99,98,97,96,83,70,69,56,43,30,17;143,156,157,158,145,132,119,120,121,122,109,110,111,112,113,114,101,88,75,76;141,154,153,152,151,150,149,148,147;40,53,66,79;63,62,61,60,47,34,33,32,45,58,71,84,85,86;123,124,125,126,127,128,115,102,89;82,95,108,107,106,105,118,131,144;12,11,10,9,8,7,6,5,4,3,2,1,0,13,26,39,52,65,78,91,104,117,130;35,36,37;92,93,94,81,68,55,42,29,16,15,14,27;57,44,31,18,19,20,21,22,23,24,25,38;48,49,50,51,64,77,90,103,116,129,142,155,168,167,166,165,164,163,162,161,160,159,146,133,134,135,136,137,138,139,140
13,0,16,15;78,91,104,117,130,143,156,157;75,88,101,114,127,140,139,138,137,136,135,134;98,97,96,95,94,107,120,121,122,123,124,125,126,113,100,87,74;82,81,80,93,106,119,132,133,146,147,148,149,150,151,152,153,154,141,128,115,102,89,76;28,41,54;62,63,50;3,4,5,6,7,8;25,12,11,10,9,22,21,20,33;24,37,38,51,64,77,90,103,116,129,142,155,168,167,166,165,164,163,162,161,160,159,158,145,144,131,118,105,92,79,66,67,68,55,42,43,44,57,58,71,72;23,36,49,48,61;29,30,31,32,45,46,59;19,18,17,16,15,14,27,40,53;2,1,0,13,26,39,52,65;56,69,70,83,84,85;35,34,47,60,73,86,99,112,111,110,109,108
13,0,17,11;32,33,46,59,72,85,98;20,19,18,31,44,45,58,71,84,97,110,111,112,99,86,73,60,47,34;24,23,36,35,48,61,74,87,100,113,126,125,124,123,122,121,120;17,16,15,14,27,40,53,66,79,92,105,118,131,144,145,146,147,148,149,150,151,152,153,154,141,128,115,102,89,76,63;94,81,68,55,42,43;93,80,67,54,41,28,29,30;10,9,22,21;106,119,132,133,134,135,136,137,138,139,140,127,114,101,88,75,62,49,50,37,38,25,12,11;51,64,77,90,103,116,129,142,155,168,167,166,165,164,163,162,161,160,159,158,157,156,143,130,117,104,91,78,65,52,39,26,13,0,1,2,3,4,5,6,7,8;57,70,83,96,109;107,108,95,82,69,56
13,0,18,13;82,95,108,121,134,133,146,145,144,131,118,105,92,79,80,67,54,41,42,29,30,17;66,53,40,27,28,15,16;161,162,163,164,165,166,167,154,141,140,139,138,125,112,99,86,73,60,47,34;55,56,43,44,31,18,5,4,3,2,1,0;132,119,106,93;120,107,94,81,68,69,70,57,58,45,32,33,20,21,22,35,48,61,74,87,100,113,126;123,110,97,84,71,72,59,46;85,98,111,124,137,136,135,122,109,96,83;36,49,62,75,88;168,155,142,129,128,127,114,101,102,89,76,63,50,37,24,23;153,152,151,150,149,148,147,160,159,158,157,156,143,130,117,104,91,78;65,52,39,26,13,14;115,116,103,90,77,64,51,38,25,12,11,10,9,8,7,6,19
13,0,19,13;83,70,69,68,67,80,93,106,119,120,121,122;1,14,27,40,41,42;71,72,73,86,99,112,111,110,123,136,137,150,151,164,165,166,167,168,155,142,129,116,103,102,89,76,63,50,37,36,35,34,33,20,19;124,125,138,139,152,153,154,141,128,115,114,101,88,75,62,49,48,47,46,45,32,31,18,17;90,77,64,51,38,25,12,11,10,9,8,7,6,5,4,3,16;0,13,26,39,52,65,78,91,104,117,130,143,156,157,158,159,160,161,162,163;132,133,134,135;21,22,23,24;84,85,98;109,108,107,94;2,15,28,29,30,43,44,57,58,59,60,61,74,87,100,113,126,127,140;81,82,95,96,97;56,55,54,53,66,79,92,105,118,131,144,145,146,147,148,149
13,0,20,12;3,2,1,0,13,26,39,52,65,78,91,104;140,127,114,101,88,75,62,49,36,35,34,33,32,19;14,27,40,53,66,79,92,105,118,117,130;144,145,146,133,120,107,94,81,68,69,70,71,84,97,96;143,156,157,158,159,160,161,162,163,164,165,166,167,168,155,142,129,116,103,90,77,64,51,38,25,12,11,10,9,8,7,6,5,4,17,30,43;18,31,44,45,46,47,48,61,74,87,100;123,124,137,138,139,126,113;148,147,134;83,82,95,108,109,110,111,98,85,72,59,58,57,56,55,42,29;125,112,99,86,73,60;131,132,119,106,93,80,67,54,41,28,15,16;121,122,135,136,149,150,151,152,153,154,141,128,115,102,89,76,63,50,37,24,23,22,21,20
13,0,21,14;84,97,110,123,124;32,33,46;0,1,2,3,4,17,30,43;19,20,21,34,47;108,107,106,93,80,67,54,41,42,29,16,15,14,13,26,39,52,65,78,91,104,117,130,143,156,157,158,159,160,147,148,149,150,151,152,139,126;120,121,122,109,96,83,70,71,72,85,98,111,112,113,114,127,140;23,36,49,62,75,88,101,100,99,86;161,162,163,164,165,166,153,154,141,128,115,102,89,76,63,50,37,24;95,82,69;28,27,40,53,66,79,92,105,118,119,132,133,134,135,136,137,138,125;45,58,59,60,73,74,87;146,145,144,131;167,168,155,142,129,116,103,90,77,64,51,38,25,12,11,10,9,22,35,48,61;94,81,68,55,56,57,44,31,18,5,6,7,8
13,0,22,12;99,98,111,110,109,108;78,65,52,39,26,13,14,15,16;114,127,140,153,152,151,150,149,148,147,146,145,144,131,118,105;49,48,47,46,59,72,71,70,83,82;128,141,154;121,122,123,124,125,112,113,100,101,102,115;126,139,138,137,136,135,134,133,120,107,94,95,96,97,84,85;41,42,43,44,31,32,33,34,35,36,37,50,63,62,61,60,73,86,87,88,89,90,103,116,129,142,155;45,58,57,56,55,54,67,80,93,106,119,132;69,68,81;168,167,166,165,164,163,162,161,160,159,158,157,156,143,130,117,104,91,92,79,66,53,40,27,28,29,30,17,18,19,20,21,22,23,24,25,38,51,64,77,76,75,74;0,1,2,3,4,5,6,7,8,9,10,11,12
13,0,23,14;107,94,93,92,91,78,65,52,39,26,13,14,15,16;135,134,121,108,95,82,81,80,79,66,53,40,27,28,29,30,17,18,19,20,21,22,23,24,37,38,51,64,77,90,103,116,129,142,155,168,167,166,165;152,153,154,141,128,115,102,89,76,63,62,61,60,59,58,57,56,55,54,67;0,1,2,3,4,5,6,7,8,9,10,11,12,25;147,160,159,158,157,156,143,130,117,104,105,106,119;96,97,98,99;71,72,73,74,75,88,101,114,127,126,125,124,137;109,122,123,136,149,150,151,138,139,140;68,69,70,83,84,85,86,87,100,113,112,111,110;31,32,33,34,35,36;118,131,132;144,145,146,133,120;148,161,162,163,164;50,49,48,47,46,45,44,43,42,41
13,0,24,12;131,132,119,106,93,94;12,11,10,9,8,7,6,5,4,3,2,1,0,13,26,39,52,65,78,91,104;86,73,72;80,81,82,95,108,121,134,147,148,149,162,163,164,165,166,167,168,155,142,129,116,103,90,77,64,51,38,25,24,23,22,21,34,47,46,45,44,43,42,55;111,112,113;49,62,75,74,87,100,99,98;102,115,128,141,154,153,152,151,150;71,70,83,96,109,122,135,136,137,138,139,140,127,114,101,88,89,76,63,50;144,145,146,133,120,107;37,36,35,48,61,60,59,58,57,56,69,68,67,54,41,28,29,30,31,32,33;161,160,159,158,157,156,143,130,117,118,105,92,79,66,53,40,27,14,15,16,17,18,19,20;85,84,97,110,123,124,125,126
13,0,25,13;30,29,42,55,54,67,66;65,52,39,26,27,14,15,16,17,18,19;140,127,114,101,88,75,62,49,48,35,22,23,24,25,38,51,64,77,90,103,116,129,142,155,168,167,166,165,164,151,138,125;124,137,150,163;12,11,10,9,8,21,34,47,46,45,58,57,70,83,82,95,94,93,92,105,118,131,144,145,146;13,0,1,2,3,4,5,6;106,107,108,109,96;162,149,136,135,122,121,120,119;123,110,97,84,71,72,59,60,61,74,87,100,99;73,86,85,98,111,112,113,126,139,152,153,154,141,128,115,102,89,76,63,50,37,36;28,41,40,53;132,133,134,147;7,20,33,32,31,44,43,56,69,68,81,80,79,78,91,104,117,130,143,156,157,158,159,160,161,148
13,0,26,10;77,90,103;31,44,57,70,71,84,85,86,73,60,47,34,35,36,49,50,51;140,139,138,137,136,135,134,133,132,119,106,93,80,67,54,41;38,25,12,11,10,9,8,7,6,5,4,3,2,1,0,13,26,39,52,65,78,91,104,117,130,143,156,157,158,159,160,161,162,163,164,165,166,167,168,155,142,129,128,127,126,125,124,123,122,121,120,107,94,81,68,55,42;48,61,74,87,100,99,98,97,96,83,82,69,56,43,30,29,28,27;72,59,58,45,32,19,18,17,16,15,14;141,154,153,152,151,150,149,148,147,146,145,144,131,118,105,92,79,66,53,40;37,24,23,22,21,20,33,46;95,108,109,110,111,112,113,114,101,88,75,62,63,64;116,115,102,89,76
13,0,27,10;122,121,108,95,82;70,83,96,109,110,123,136,135,134,133,120,107,106,93,80,67,54,55,42,43,30,31,32,33,20,7,6,5,4,3,2,15,14,27;63,76,89,102,115,128,141,154,153,152,151,150,149,148,147,146,145,144,131,130,117,104,91,78,65,52,39,26,13,0,1;132,119,118,105,92,79,66,53,40,41,28,29,16,17,18,19;74,73,72,85,98,97;125,126,113,100,101;36,35,22,9,10,11,12,25,38,51,64,77,90,103,116,129,142,155,168,167,166,165,164,163,162,161,160,159,158,157,156,143;94,81,68,69,56,57,44,45,46,47,34,21,8;62,75,88,87,86,99,112,111,124,137,138,139,140,127,114;23,24,37,50,49,48,61,60,59,58,71,84
13,0,28,14;153,152,151,138;154,167,168;155,142,129,116,103,90,77,64,51,50,49,48;0,1,2,3,4,5,6,7,8,9,10,11,12,25,38,37,36,35,34,47,60,61,62,63,76,89,102,115;28,27,40,53,54,55,68,81;100,87,86,85,84,83,82,95,94,93,80,79,78,91,104,117,130,143,156,157,158,159,160,161,162,163,164,165,166;107,108,109,96,97,98,99;58,45,32,19,18,17,16,15,14,13,26,39,52,65,66,67;41,42,43,56,69,70,71;118,131,144,145,146,147,148,149,150;128,127,114,113,112,111,110,123,122,121,120;141,140,139,126,125,124,137,136,135,134,133,132,119,106,105,92;57,44,31,30,29;101,88,75,74,73,72,59,46,33,20,21,22,23,24
13,0,29,14;142,141,154,153,152,151,150,137,124,125,112,99,100,101,102,103,90,77,64,51,38,25,24;104,91,92,93,94,95,82,69,56,43,44,31,32,33,46,59,72,71,84;52,53,40,27,28,29,42,55,68,81,80,79,78;30,17,16,15,14;116,129,128,127,140;155,168,167,166,165,164,163,162,161,160,159;61,60,47,34,21,20,19,18;105,106,107,108,109,122,135;146,145,158,157,156,143,130,117,118,119,120,121;65,66,67,54,41;138,139,126,113,114,115;87,88,89,76,63,50,37,36,23,10,11,12;39,26,13,0,1,2,3,4,5,6,7,8,9,22,35,48,49,62,75,74,73,86,85,98,111,110,123,136,149,148,147,134,133,132,131,144;97,96,83,70,57,58,45
13,0,30,13;29,16,15,14,27,40,53,66,79,92,105,118,131,144,145,146,147,148,149,150,151;44,43,42;81,94,95,96,109,122,121;80,93,106,119,132,133,134,135,136,137,124,111,98,85,72,71,58,45,32,31,30,17,4,3,2,1,0,13,26,39,52,65,78,91,104,117,130,143,156,157,158,159,160,161,162,163,164;123,110,97,84,83,82,69,68,67;23,24,37,50,63,76,89,102,103,116,129,142,155,168,167,166,165,152,139,138,125,112,99,86,73,60,59;70,57,56,55,54,41,28;10,11,12,25,38,51,64,77,90;46,33,20,19;108,107,120;18,5,6,7,8,21,34,47,48,61,74,87,100,113,126,127,140;153,154,141,128,115,114,101,88,75,62,49,36;9,22,35
13,0,1,11;138,137,136,135,134,133,132,119,118;42,55,68,69,70;31,18,5;20,21,22,23,24,37,50,63,76,89,102,115,128,141,154,153,152,165,164,163,162,161,160,159,158,157,156,143,130,117,104,91,78,65,52,39,26,13,0,1,2,3,4;105,106,107,108,109,110,111,112,99,86,73,60,47,34,33,32,19,6,7,8,9,10,11,12,25,38,51,64,77,90,103,116,129,142,155,168,167,166;120,121,122,123,124,125,126,139;151,150,149,148,147,146,145,144,131;140,127,114,101,88,75,62,49,36;43,56,57,58,71,84,83,82,81,80,67,54,41,28,29;44,45,46,59,72,85,98,97,96,95,94,93,92,79,66,53,40,27,14,15,16,17,30;35,48,61,74,87,100,113
13,0,2,10;152,153,154,141,128,115,102,89,76,75,74;119,132,133,134,135,136,149;17,30,43;58,45,32,33,34,35,36,49,62,61,60,73,86,87,88,101,114,127,140,139,138,151,164,165,166,167,168,155,142,129,116,103,90,77,64,51,38,25,12,11,10,9,8,7,6,5,4,3,16,15,14,27,40,53,66,79,92,105,118,131,144,145,146,147,148;63,50,37,24,23,22,21,20,19,18,31,44,57,70,71,84;130,117,104,91,78,65,52,39,26,13,0,1,2;56,69,82,83,96,97,98,85,72,59,46,47,48;42,55,68,81,94,95,108,109,110,111,112,125,126;29,28,41,54,67,80,93,106,107,120,121,122,123,124,137,150,163,162,161,160,159,158,157,156,143;113,100,99
13,0,3,13;45,32,31,30,29,42,41;61,74,75,76,89,102,115,128,141,154,153,152,139,126,113,100,99,86,85,84,83,82,95,94;43,44,57,58,59,46,33,20,7,6,5,4,3,2,1,0;24,37,36,35,34,21,8,9;112,125,138,137,136,135,134,133,132,119,106,107,108,109,110;120,121,122,123,124,111,98,97,96;14,13,26,39,52,65;22,23,10,11,12,25,38,51,50;151,150,149,148,147,146,145,144,131,118,105,92,93,80,81;48,49,62,63,64,77,90,103,116,129,142,155,168,167,166,165,164,163,162,161,160,159,158,157,156,143,130,117,104,91,78,79;54,55,56,69,70,71,72,73,60,47;140,127,114,101,88,87;19,18,17,16,15,28,27,40,53,66,67,68
13,0,4,12;122,123,124,125;71,84,97,110,111,112,99,100,87;115,128,141,154;74,73,72;94,81,68,55,42,43,44,45,46,47,48,49,36;116,129,142,155,168,167,166,165,164,163,162,161,160,159,158,157,156,143;127,140,153,152,151,150,149,148,147,146,145,144,131,130,117,104,91,78,65,52,39,26,13,0,1,2,3,4,5,6,7,8,9,10,11,12,25,38,51,64,77,90,103;88,75,62,61,60,59,58,57,70,83,96,109;133,120,107,106,93,80,67,54,41,28,29,30,31,32,33,34,35,22;98,85,86;56,69,82,95,108,121,134,135,136,137,138,139,126,113,114,101,102,89,76,63,50,37,24,23;21,20,19,18,17,16,15,14,27,40,53,66,79,92,105,118,119,132
13,0,5,14;157,158,145;32,31,44,57,58,59,60;111,110,97,96,95,94,93,80,67,54,41;154,141,128,115;113,126,139,152,151,150;45,46,47,48,61,74,75,76;100,101,114,127,140,153;149,136,137,138,125,112,99,98,85,84,83,82,81,68,55,42,29,28,27,40,53,66,79,92,105,118,131,144,143,156;134,121,120;14,15,16,3,4,5,6,7,8,9,10,11,12,25,38,51;102,89,88,87,86,73,72,71,70,69,56,43,30,17,18,19,20,21,22,23,24,37,50;147,148,135,122,123,124;2,1,0,13,26,39,52,65,78,91,104,117,130;109,108,107,106,119,132,133,146,159,160,161,162,163,164,165,166,167,168,155,142,129,116,103,90,77,64,63,62,49,36,35,34,33
13,0,6,11;119,118,105,92,79,66,53,54;0,1,14,15,16,17,18,31,44,57,58,59,72,85;67,80,93,106,107,120,133,132,131,130,117,104,91,78,65,52,39,40,41;36,49,62,75,88;33,20,7,8,9,10,11,12,25,38,51,64,77;134,147,146,145,144;74,87,100,101,114,127,140,139,138,137,136,123,110,109,96,83,82;112,99,86,73,60,61,48,35,22,23,24,37,50,63,76,89,90,103,116,129,142,155,168,167,166,165,164,163,162,161,160,159,158,157,156,143;2,3,4,5,6,19,32,45,46,47,34,21;102,115,128,141,154,153,152,151,150,149,148,135,122,121,108,95,94,81,68,55,42;113,126,125,124,111,98,97,84,71,70,69,56,43,30,29,28,27,26,13
13,0,7,15;115,102,89,76,63,50,37,24,23,22,21,20,33,32,31,18,5,4,3,2,1,0,13,26,39,52,65,78,91,92,93,94,107,120,121,122,109,96,83,84,85,72,59,58,57,56,55,68;81,80,79,66,53,40,27,14,15;132,119,106,105,104,117,130,143,156,157,158,159,160,147;116,103,90,77,64,51,38,25,12,11,10,9,8,7,6,19;108,95,82,69,70,71;128,129,142,155,168;88,101,114;67,54,41,42,43,30;48,61,60;44,45,46,47,34,35,36,49,62,75,74,87,100,113,112,111,124;141,154,167,166,165,164,163,162,161,148,135,134,133,146,145,144,131,118;153,140,127,126,125;73,86,99,98,97,110,123,136,149,150,151;17,16,29,28;137,138,139,152
13,0,8,14;121,108,95;13,26,27,28,29,30,43;14,15,16,17,18,31,44,57;125,124,111,98,99,100,101,114,127;58,71,70,83,96,109,122,135,134,147,160,159,158,157,156,143,130,117,104,91,78,65,52,39,40,41,42,55,68,67,80,93,106,119,132;37,50,63,76,89,102,115,128,141,140,139,138,137,136,123,110,97,84;0,1,2,3,4,5,6,7,8;149,150,151,152,153,154;60,61,48,35,22,9,10,11,12;33,46,59,72,85,86,87,88;45,32,19,20,21,34,47;73,74,75,62,49,36,23,24,25,38,51,64,77,90,103,116,129,142,155,168,167,166,165,164,163,162,161,148;56,69,82,81,94,107,120,133,146,145,144,131,118,105,92,79,66,53,54;112,113,126
13,0,9,14;110,97,84,71;58,59,72,85,98,111,124,125,126,113;24,37,50,51,64;123,122,109,96,83,70,57;15,28,41,42,55,56,69,82,95,108,121,134,147,160,159,158,157,156,143,130,117,104;149,150,151,152,153,154,141,128,115,102,89,88,87,74,61,48,35,34,33,32,31,30,29,16,3,4,5,6,7,8,9,10,11,12,25,38;79,80,93,106,119,132,145,144;2,1,0,13,26,39,52,65,66;86,73,60,47,46,45,44,43;68,81,94,107,120,133,146;14,27,40,53,54,67;131,118,105,92,91,78;63,62,49,36,23,22,21,20,19,18,17;112,99,100,101,114,127,140,139,138,137,136,135,148,161,162,163,164,165,166,167,168,155,142,129,116,103,90,77,76,75
13,0,10,11;146,133,132;150,149,148,147,160;124,123,122;57,56,55,54,41,28,29,30,31,32,33,46;120,107,94,81,82,83,84,85,72,59,60,47;109,110,111,112,113,100,87,88,75,62,49,36,35,34,21,20,19,18,17,16,15,14,27,40,53,66,79,92,105,104,117,130,143,156,157;161,162,163,164,165,166,167,168,155,142,129,116,103,90,77,64,51,38,25,12,11,10,9,8,7,6,5,4,3,2,1,0,13,26,39,52,65,78,91;48,61,74,73,86,99,98,97,96,95,108,121,134,135,136,137,138,151,152,153,154;42,43,44,45,58,71,70,69,68,67,80,93,106,119,118,131,144,145,158,159;125,126,139,140,141,128,115;127,114,101,102,89,76,63,50,37,24,23,22
13,0,11,12;45,46,47,48,61,74,87,100,99;106,93,80,67,66;70,57,58;69,82,83,84,71,72,59;131,132,133,134,121,108,95,96,97,98,85,86,73,60;130,117,104,91,78,65,52,39,26,13,0,1,2,3,4,5,6,7,8,9,10,11,12,25,38,51,64,77,90,103,116,129,142,155,168,167,166,165,164,163,150,137,138,139,140,127,114,101,88,75,62,49,36,35,34,33,32,31,30;79,92,105,118,119,120,107,94,81,68,55,42,29;28,41,54;151,152,153,154,141,128,115,102,89,76,63,50,37,24,23,22,21,20,19,18,17,16,15,14,27,40,53;113,126,125,124,123,136,149,162,161,160,159,158,157,156,143;44,43,56;112,111,110,109,122,135,148,147,146,145,144
13,0,12,14;63,64,51,38,25,12,11,10,23;16,29,30,43,56;132,133,120,107,94,95,96;47,48,61,74,87,100;136,137,138,139,126,113;140,127,114,101,88;119,106,93,80,67,54,41,28,15,14;34,21,20,19,32,45,58,71,72,85,98,111,110,109,108,121,134,147,146,145;89,102,115,128,141,154,153,152,151,150,149,148,135,122,123,124,125,112,99,86,73,60,59,46,33;50,49,62,75,76,77,90,103,116,129,142,155,168,167,166,165,164,163,162,161,160,159,158,157,156,143,130,117,104,91,78,65,52,39;24,37,36,35,22,9,8,7,6,5,4,3,2,1,0,13,26,27;144,131,118,105,92,79,66,53,40;17,18,31,44,57,70,69;42,55,68,81,82,83,84,97
13,0,13,12;2,1,0,13,26,39,52,65,78,91,104,117,130,143,144,145;125,126,113,114,101,88,75,62;14,27,40,41;155,168,167,166,165,164,163,162,161,160,147,134,121,108,107;37,24,23,22,21,20,19,18,17,30,29,42,55,54,53,66,79,92,105,118,131,132,133,146,159,158,157,156;136,123,110,97,98,85,86,73;116,103,90,77,64,51,38,25,12,11,10,9,8,7,6,5,4,3,16,15,28;34,33,32,31,44,43,56;120,119,106,93,80,67,68,69,70;36,35,48,47,46,45,58,57;129,142,141,154,153,152,151,150,149,148,135,122,109,96,95,94,81;82,83,84,71,72,59,60,61,74,87,100,99,112,111,124,137,138,139,140,127,128,115,102,89,76,63,50,49
13,0,14,11;48,47,46,45,58,57,56,55,42,29,30;28,41,40,53,66,79,80;109,96,97,98,99,100,87,74,61,60,59,72,71,70,69,68,67,54;73,86,85,84,83,82,81,94,93,92,105,118,131,144,145,146,147,134;132,133,120,121,122,123,110,111,112,113,114,101,88,75,62;165,164,163,162,149,136;154,141,140,139,138,125;49,36,35,34,33,32,31,44,43;95,108,107,106,119;126,127,128,115,102,89,76,63,50,37,24,23,22,21,20,19,18,17,16,15,14,27;135,148,161,160,159,158,157,156,143,130,117,104,91,78,65,52,39,26,13,0,1,2,3,4,5,6,7,8,9,10,11,12,25,38,51,64,77,90,103,116,129,142,155,168,167,166,153,152,151,150,137,124
13,0,15,15;119,106,93,80,79,66,53;107,108,109,122,135,148,149,150,151,164,165,166,167;131,118,105,92;16,17,18,31,44,45,46,33,20,21,22,23,24,37,50,63,76,89,102,101,100,113,126,139,152,153,154;69,70,71,72,73,74,61,48;56,43,30,29,28,15;141,140,127,114;5,4,3,2,1,0,13,26,39,52,65,78,91,104,117,130,143,156,157,158,159,146,133,120;54,67,68,81,82,83,84,85,98,111,124;115,116,103,90,77,64,51,38,25,12,11,10,9,8,7,6,19,32;168,155,142,129,128;132,145,144;163,162,161,160,147,134,121;94,95,96,97,110,123,136,137,138,125,112,99,86,87,88,75,62,49,36,35,34,47,60,59,58,57;14,27,40,41,42,55
13,0,16,14;66,65,78,91,104,117,130,143,156,157,158,159,160,147,134,121;32,33,34,35,36;27,40,41,42,55,68,69,82,95,96,97,98,99,100,101,102,115,128,141,154,153,152,151,138,137,136,149,162,161;51,38,25,12,11,10,9,8,7,6,5,4,3,2,1,0,13,26,39,52,53,54,67,80,81,94;79,92,93,106,119,132,145,144;16,17,18,19,20,21,22,23,24,37,50;56,43,30,29,28,15,14;76,75,74,61,60,59;146,133,120,107,108,109,110,123,124,125,126,139;150,163,164,165,166,167,168,155,142,129,116,103,90,89,88,87,86,85,84,83,70,57,44,31;73,72,71,58,45,46,47,48,49,62,63,64,77;105,118,131;111,112,113,114,127,140;122,135,148
13,0,17,12;112,111,98,97,84,71,70,69,56,55,42;8,21,22,23,36,49;120,107,94,81,68,67,54,41,28,15,16,17,18,31;82,95,108,121,122,135,136,137,138,139,140,127,114,113,100,99,86,85,72,59,58,57;0,13,26,39,52,65,78,91,104,117,130,143,156,157,158;92,105,118;131,144,145,146,159,160,161,162,163,164,165,166,167,168,155,142,129,116,103,90,77,64,51,38,25,12;89,76,63,50,37,24,11,10,9;75,62,61,48,35,34,33,20,7;126,125,124,123,110,109,96,83;106,93,80,79,66,53,40,27,14,1,2,3,4,5,6,19,32;29,30,43,44,45,46,47,60,73,74,87,88,101,102,115,128,141,154,153,152,151,150,149,148,147,134,133,132,119
13,0,18,11;19,18,17,16,15,14,27,40,53,66,79,92,93,106,119,132,145,146,147,160,161,162,163,150,137,124,111,110,97,84,71,70,69,68,55,42,43,44,45;128,115,102,89,76,63,62;107,120,133,134,135,148,149;75,88,101;138,151,164,165,166,167,168,155,142,129,116,103,90,77,64,51,50,49,48,61,74;144,131,118,105;56,57,58,59,72,85,98,99,112,125,126,139,152,153,154,141;24,23,22,21,20;159,158,157,156,143,130,117,104,91,78,65,52,39,26,13,0,1,2,3,4,5,6,7,8,9,10,11,12,25,38,37,36,35,34,47,60,73,86,87,100,113,114,127,140;94,95,108,121,122,123,136;109,96,83,82,81,80,67,54,41,28,29,30,31,32,33,46
13,0,19,11;59,72,85,98;150,149,148,147;70,57,44,31,18,5,4,3,2;115,102,89,76,63,50,37,24,23,22,9;140,139,126,113,100,87,74,61,48,35,34,21,8,7,6,19,32,45,58,71,84,83,82,81,68,55,42,29,16,15,14,27,40,53,66,79,92,105,118,131,144;108,121,134,135,136,137;69,56,43,30,17;28,41,54,67,80;20,33,46,47,60,73,86,99,112,111,110,97,96,95,94,93,106,119,132,145,158,157,156,143,130,117,104,91,78,65,52,39,26,13,0,1;107,120,133,146,159,160,161,162,163,164,165,166,167,168,155,142,129,116,103,90,77,64,51,38,25,12,11,10;109,122,123,124,125,138,151,152,153,154,141,128,127,114,101,88,75,62,49,36
13,0,20,12;141,154,153,152,151,150,149,148;23,36,49,62,61,74;167,166,165,164,163,162,161,160;14,27,40,53,66,65,78,91,104,117,118,131,144,145;112,99,100,101,102,89,76,63,50,37,24;52,39,26,13,0,1;147,134,121;105,92,79,80,67,68,69,70,71,72,73,86,87,88,75;168,155,142,129,128,127,140,139,138,137,136,123,110,97,96,95,94,93,106,119,132;30,31,32,33,34,47,60,59,58,57,56,55,54,41,28,15,2,3,4,5,6,7,8,9,10,11,12,25,38,51,64,77,90,103,116,115,114,113,126,125,124,111,98,85,84,83,82,81;130,143,156,157,158,159,146,133,120,107,108,109,122,135;48,35,22,21,20,19,18,17,16,29,42,43,44,45,46
13,0,21,12;86,85,98,111,124,137,138,139,140,153,166,167,168,155,142,129,116,103,90,77,64,51,38,25,12;42,55,68,81,94,107,120,121,122,123,136,149,150,151,152,165;110,97,84,71,72,73,74,87,100,113,126;20,7,6,5,4,3,2,1,0,13,26,39,52,65,78,91,104,117,130,143,156,157,158,159,160,161,162,163,164;127,114,101,102,89,76,63,50,49,36,23,22,21;88,75,62,61,48,35,34,33,32,19,18,17,16,15,14,27,40,53,66,79,92,105,118,131,144,145,146,147,148;99,112,125;8,9,10,11,24,37;108,95,82,69,56,43;154,141,128,115;47,46,45,44,31,30,29,28,41,54,67,80,93,106,119,132,133,134,135;109,96,83,70,57,58,59,60
13,0,22,10;127,114,101,88;28,29,30,31,32,33,34,35,48,61,74,87,86,85;107,108,109,110,111,124,137,150,151,152,153,154,141,128,115,102,89,76,75,62,49,36;159,158,157,156,143,130,117,104,91,78,65,66,67;100,113,126;25,12,11,10,9,8,7,6,5,4,3,2,1,0,13,26,39,52,53,54,55,56;50,63,64,77,90,103,116,129,142,155,168,167,166,165,164,163,162,161,160,147,146,145,144;59,58,57,70,69,68,81,80,79,92,105,118,131,132,133,134,135,148;140,139,138,125,112,99,98,97,96;51,38,37,24,23,22,21,20,19,18,17,16,15,14,27,40,41,42,43,44,45,46,47,60,73,72,71,84,83,82,95,94,93,106,119,120,121,122,123,136,149
13,0,23,11;27,14,15,16;73,72,59;120,121,122,123,124,125,126,113;29,42,55,54,53,66,79,80,93,94,95,96,97,84;112,99,100,101,102,103,116,129,142,155,168,167,166,165,164,163,162,161,160,159,158,157,156,143,130,117,104;48,49,62,63,76,89,88,87,86,85,98,111,110,109,108,107,106,119,132,133,134,135,136,137,138,139,140,127,114;28,41,40;50,37,36,35,34,33,32,31,44,57;83,82,81,68,67;24,23,22,21,20,19,18,17,30,43,56,69,70,71,58,45,46,47,60,61,74,75;115,128,141,154,153,152,151,150,149,148,147,146,145,144,131,118,105,92,91,78,65,52,39,26,13,0,1,2,3,4,5,6,7,8,9,10,11,12,25,38,51,64,77,90
13,0,24,11;61,48,47,34,33,20,7,6,5,4,3,2,1,0,13,26,39,52,65,78,91,104,117,130,143,156,157,158,159,146,133,120,107,94;19,18,17,16,15,14,27,40,53,66,79,92,105,118,131,144,145;60,73,74,87,100,113,126,139;8,21,22,35,36,49,62,75,88,101,114,127,140;46,59,72,85,86,99,112,125,138,151,152,153,154,141,128,115,102,89,76,63,50,37,24,23,10,9;42,55,56,57,70,83,96,109,110,123,124;81,80,93,106,119,132;11,12,25,38,51,64,77,90,103,116,129,142,155,168,167,166,165,164,163,150,149,148;32,31,30,29,28,41,54,67,68,69,82,95,108,121,122,135,136,137;134,147,160,161,162;111,98,97,84,71,58,45,44,43
13,0,25,13;125,138,137,136;153,140,127,114,101,100,87,74,61;8,7,6,5,4,3,2,1,0,13,26,39,52,65,78,91,104,117,118,131,144,145,146;22,9,10,11,12,25,38,51,64;33,46,59,72,85,98,97,96,83,70,57,44,31,30,29,28,41;113,126,139,152,151,150;24,23,36,35,34,21,20,19,32,45,58,71,84;121,120,107,94,81,68,55,54,53,40,27,14,15,16,17,18;110,109,108,95,82,69,56,43,42;149,148,135,122,123,124,111,112,99,86,73,60,47,48,49,62,75,88,89,102,115,128,141,154;130,143,156,157,158,159;93,80,67,66;79,92,105,106,119,132,133,134,147,160,161,162,163,164,165,166,167,168,155,142,129,116,103,90,77,76,63,50,37
13,0,26,10;94,93,80,67,68,69,70,57,44,31,30,29,42,41,40,27,14;85,98,97,96,95,108,107,120,133,146,159,160,161,162,163,164,165,166,167,168,155,142,129,116,103,90,77,64,51,38,25,12,11,10;43,56,55,54,53,66,79,92,105,118,131,144,143;121,134,147,148,149,150,151,152,153,154,141,128,115,102,89,76,63,50,37,24,23,22,9;156,157,158,145,132,119,106;46,45,32,19,18,17,16,15,28;8,21,34,35,36,49,62,75,88,101,114,127,140,139,138,137,136,135,122,109,110,111,112,99,86,73,60,59,58;33,20,7,6,5,4,3,2,1,0,13,26,39,52,65,78,91,104,117,130;123,124,125,126,113,100,87,74,61,48,47;81,82,83,84,71,72
13,0,27,14;118,105,92,93,94,95,82,69;122,135,148,149;133,132,119,106,107,108,109,110;44,45,32,19,6,5,4,3,2,1,0,13,26,39,52,65,78,91,104,117,130,143,156,157,158,159,160,161,162,163,150,137,138,125,126,113,100,99,86,85,84;164,165,166,167,168,155,142,129,116,103,90,77,76,75,62,49,48,35,34,33,46,59,58,57,56,43,30,29,28,41,54,67;61,74,87,88,101,114,127,140,139;112,111,98,97,96,83,70,71,72,73,60,47;21,22,23,24,25,38,51,64;20,7,8,9,10,11,12;31,18,17,16,15,14,27,40,53,66,79,80,81,68,55,42;151,152,153,154,141,128,115,102,89;120,121,134,147,146,145,144,131;136,123,124;36,37,50,63
13,0,28,14;89,88,75;99,86,73,60,47,34;49,50,51,64;80,67,54,55,42,29,30,17,4,3,2,1,14,27;144,131,118,119,106,93,94,95,96;112,125,138,137,136,135,134,121,108,109,110,97,84,71;0,13,26,39,52,65,78,91;24,23,22,21,20,19,32,45,58,57,70,83,82;154,141,128,115,114,113,126,139,152,151,150,149,148,147,146;33,46,59,72,85,98,111,124,123,122;107,120,133,132,145;81,68,69,56,43,44,31,18,5,6,7,8,9,10,11,12,25,38,37,36,35,48,61,74,87,100,101,102,103,116,129,142,155,168,167;62,63,76,77,90;16,15,28,41,40,53,66,79,92,105,104,117,130,143,156,157,158,159,160,161,162,163,164,165,166,153,140,127
13,0,29,13;22,35,36,37,50,63,76,89,102,115,114,113,112;93,106,119,120,121,134,147;48,61,74,87,86,85,84,97,96,95,82,69,68,67,54,41,42,43,44,31,18,5,6;49,62,75,88,101,100,99,98,111,110,109,108,107,94,81,80;24,23,10,9,8,7,20,33,46,59,58,57,56,55;28,29,30,17,4,3,2,1,0,13,26,39,52,65,78,91,104,117,130,143,156,157,158,145;16,15,14,27,40,53,66,79,92,105,118;19,32,45;11,12,25,38,51,64,77,90,103,116,129,128,127,140,139;136,149,162,161,160,159,146,133,132,131,144;21,34,47,60,73,72,71,70,83;148,135,122,123,124,137,150,163,164,165,166,167,168,155,142;141,154,153,152,151,138,125,126
13,0,30,13;140,139,138,125,124,123,122,121,120,133;87,74,61,62,49,50,37,24,11;137,150,151,152,153,154,141,128,115,102,89;132,119,106,107,108,109;8,7,6,5,4,3,2,1,0,13,26,39,40,53,54,55,68,81,80,79,78,91,104,117,130,143,156,157,158,159,160,161,148;12,25,38,51,64,63,76,75,88,101,114;84,71,58,45,32;86,73,60,47,48,35,36,23,10;20,19,18,17;67,66,65,52;9,22,21,34,33,46,59,72,85,98,99,100;14,15,16,29,30,31,44,57,70,83,96,97,110,111,112,113,126,127;27,28,41,42,43,56,69,82,95,94,93,92,105,118,131,144,145,146,147,134,135,136,149,162,163,164,165,166,167,168,155,142,129,116,103,90,77
13,0,1,12;138,151,150,149,148,147,134,133,132,119,106,93,80,67,54,41,28,15,16,17,18,19,32,45,46;11,10,9,8,7,6,5,4,3,2,1,0,13,26,39,52,65,78,91,104,117,130,143,156,157,158,159,160,161,162,163,164,165,152;74,61,48,47;71,72,73,86,87,88,75,62,49,36,35,34;82,95,96,97,98,99,100,101,102,115,128,141,154;12,25,38,51,64,77,90,103,116,129,142,155,168,167,166,153,140,139;43,56,69,70,83,84,85;14,27,40,53,66,79,92,105,118,131,144,145,146;60,59,58,57,44,31,30,29,42,55,68,81,94,107,108,109,110,123,124,125,126,127,114;89,76,63,50,37,24,23,22,21,20,33;137,136,135,122,121,120;113,112,111
13,0,2,10;82,95,108,121,134,147,160,159,158,157,156,143,130,117,104,91,78,65;155,142,129,116,103,90,77,64,51,38,25,12,11,10,9,8,7,6,5,4,3,2,1,0,13,26;84,97,110,123,136,149,162,163,164,165,166,153,140,127,114,101,88,75,62,49,36,35,34,33,46,45,44;29,28,41;47,48,61,74,87,100,113,126,139,152,151,150,137,124,111,98,85,72,71,70,83,96,109,122,135,148,161;52,53,54,67,80,93,106,119,132;55,42,43,30;39,40,27,14,15,16,17,18;66,79,92,105,118,131,144,145,146,133,120,107,94,81,68,69,56,57,58,59,60,73,86,99,112,125,138;31,32,19,20,21,22,23,24,37,50,63,76,89,102,115,128,141,154,167,168
13,0,3,14;16,3,2,1,0,13,26,39,52,65,78,91,104,117,130,143,156,157,158,159,160,161,162,163,164,165,166,167,168,155,142,129,116,103,90,77,64;108,121,134,147,148,149,136,123;38,25,24;126,113,100,87,86,73,72,59,58,57,56,55;68,81,94,107,120,133,146;135,122,109;71,70,69,82;51,50,37,36,23,10,11,12;31,18,19,20,21,34,35,48,49,62,63,76,89,102,115,128,141,154,153,152,151,150,137,124,111,110,97;45,44,43,42;132,119,106,93,80,67,54,41,28,29,30;15,14,27,40,53,66,79,92,105,118,131,144,145;22,9,8,7,6,5,4,17;95,96,83,84,85,98,99,112,125,138,139,140,127,114,101,88,75,74,61,60,47,46,33,32
13,0,4,13;132,133,120,107,108,95;18,17,16,15,14,27,40,53,66,79,92,105;12,11,10,9,8,7;37,36,35,48,47,46,45,32,31,30,29,28,41,54,67,80,93,106,119,118,131,144,145,146,147,148,135,136,137,138,139,126,113;123,110,111,98,85,86,73,60,61,62,49,50;34,33,20,19,6,5,4,3,2,1,0,13,26,39,52,65,78,91,104,117,130,143,156,157,158,159,160;63,76,75,74,87,100,99,112,125,124;72,59,58,57,56,69,82,83,96,109,122,121,134;97,84,71,70;44,43,42,55,68,81,94;161,162,163,164,165,166,167,168,155,142,129,116,103,90,77,64,51,38,25,24,23,22,21;88,89,102,115,128,141,154,153,152,151,150,149;101,114,127,140
13,0,5,13;144,131,130,117,104,91,78,79,80,93,106,107,120,133,134,135,136,137,138,125,112;96,83,70,71,72,73,74,75,88,101,114,127,140,153;143,156,157,158,159,160,161,162,163,164,165,166,167,168,155,142,129,116,103,90,77,64;99,98,111,124,123,122,121;82,69,56,43;67,66,65,52,39,26;22,23,24,37;35,36,49,62,63,76,89,102,115,128,141,154;13,14,27,40,53,54;19,18,17;0,1,2,15,28,41,42,55,68,81,94,95,108,109,110,97,84,85,86,87,100,113,126,139,152,151,150,149,148,147,146,145,132,119,118,105,92;33,20,7,6,5,4,3,16,29,30,31,44,57,58,59,60,61,48;32,45,46,47,34,21,8,9,10,11,12,25,38,51,50
13,0,6,14;131,144,145,146,147,148,149,150,151,152,153,154,141,128,115,102,101,88,75,62,49,36,35,34,47,60;87,100,113,114,127,140;118,119,132,133,134;138,137,124,111,98,97,96;0,13,26,39;105,106,93,94;78,65,66,67,54,41,28,15,16,17,4,5,6,7,8,9,10,11,12,25,38,51,64,77,90,103,116,129,142,155,168,167,166,165,164,163,162,161,160,159,158,157,156,143,130;3,2,1,14,27,40,53,52;59,46,45,44,43;32,33,20,21,22,23,24,37,50,63,76,89;70,69,68,81,80,79,92,91,104,117;48,61,74,73,72,71,58,57,56,55,42,29,30,31,18,19;135,122,121,120,107;136,123,110,109,108,95,82,83,84,85,86,99,112,125,126,139
13,0,7,12;128,127,140,153,166;84,83,96,109,108,107,106,119,132;62,75,88,101,100,99,112,125,138,151,150,149,148,161;7,8,9;79,80,81,68,55,54,41,28,29,30,31,44;85,86,87,74,61,48,49,50,63,76,89,102,115,114,113,126,139,152,165,164,163,162;67,66,53,40,27,14,15,16,17,18,19,32,33,46,59,72,71,70,69,82,95,94,93,92,105,118,131,144,145,146,133,120,121,122,123,110,97,98;141,154,167;45,58,57,56,43,42;168,155,142,129,116,103,90,77,64,51,38,25,12,11,10,23,22,21,20;24,37,36,35,34,47,60,73;6,5,4,3,2,1,0,13,26,39,52,65,78,91,104,117,130,143,156,157,158,159,160,147,134,135,136,137,124,111
13,0,8,13;33,46,45,44,43,30,29,28,41,54,67,80,93,92,91,78,65,52,39,26,13,0,1,2,3,4;119,132,133,134,135,136,123,124,111,98,85,72,59,58,57,56,69,82;23,22,35,48,61,62,63,50;75,74,73,60,47,34,21,20,19,32,31;70,71,84,97,110,109,122,121,120;38,25,12,11,10,9,8,7,6,5,18,17,16,15,14,27,40,53,66,79;118,131,144,145,146,147,148,149,150,137;83,96,95,94,81,68,55,42;49,36,37,24;139,152,165;108,107,106,105,104,117,130,143,156,157,158,159,160,161,162,163,164,151,138,125,126,127,128,141,154;76,89,88,87,86,99,112,113,114,115,116,129,142,155,168,167,166,153,140;100,101,102,103,90,77,64,51
13,0,9,14;105,92,93,80,67;152,153,140,127,128,115,102,89,76,63,50,37,24,23;65,78,91,104,117,130,143,156;119,118,131,144,157,158,159,160,161,162,163,164,165,166,167,168,155;154,141,142,129,116,103,90,77,64,51,38,25,12,11,10,9,8,21,34,47,48,61,74,87,100,99;81,68,55,42,29,30,31,44;106,107,108,109,96,97,84,71,72;43,56,69;94,95,82,83,70,57,58,45,32,19,18,17,16,15,28,41;120,133,134,135,136,137,124,125,112;54,53,66,79;40,27,14;132,145,146,147,148,149,150,151,138,139,126,113,114,101,88,75,62,49,36,35,22;52,39,26,13,0,1,2,3,4,5,6,7,20,33,46,59,60,73,86,85,98,111,110,123,122,121
13,0,10,13;131,132,119,106,93,80,67,54,41,28,29;156,157,158,145,146,133,120,107,108,109,110,97,84,85,86,73,60;159,160,161,148,135;74,61,48,47,46,59,72;94,95,96,83,70,71,58,45,32,33,34,35,36,49,50,63,76,89,102,101;37,24,23,22,21,20,19,18,31,44,57,56,69,82,81;43,42,55,68;147,134,121,122,123;112,113,114,127,140,153,166,167,168,155,142,129,116,103,90,77,64,51,38,25,12,11,10,9,8,7,6,5,4,3,2,1,0,13,26,39,52,65,78,91,104,117,130,143,144;150,151,138,125,126;30,17,16,15,14,27,40,53,66,79,92,105,118;62,75,88,87,100,99,98,111,124,137,136,149,162,163,164,165,152,139;154,141,128,115
13,0,11,12;53,40,27,14,15,16,17,18,19,6,7,8,9,10,11,12,25,38,51,64,77,90,103,116,129,142,155,168,167,166,165,164,163,162,161,160,147,134,121,108,109,96,97,84,85,72,59,46;5,4,3,2,1,0,13,26,39,52,65,78,91,104,117,130,143,156,157,158,159,146,133;126,113,100,87;124,125,112,99,86,73,60,47,34,35,36;122,135,148,149,150,151,152,153,154,141,128,115,102,89;55,42,43,44,45,58,71;56,69,68,81,80,93,106,119,132,145;76,63,62,49,48;57,70,83,82,95,94,107,120;98,111,110,123,136,137,138,139,140,127,114,101,88;144,131,118,105,92,79,66,67,54,41,28,29,30,31,32,33,20,21,22,23,24,37,50;75,74,61
13,0,12,14;114,115,128,141,154,153,152,139,138,137,150,149,148,147,146,145,144,131,130,117,104,91,78,65,52,39,26,13,0;20,21,22,23,24;140,127,126,113,100,101,102,103,90,77,64;151,164,165,166,167,168,155,142,129,116;54,41,28,15,2,3,4,5;121,122,109,110,111,98,85,72,73,74,75,62,49,48,47;51,50,63,76,89,88,87,86,99,112,125,124,123,136,135,134,133,132;143,156,157,158,159,160,161,162,163;61,60,59,58,71,84;17,16,29,42;83,82,81,94,93,106;55,56,43,30,31,18,19,6,7,8,9,10,11,12,25,38,37,36,35,34,33,46;1,14,27,40,53,66;97,96,95,108,107,120,119,118,105,92,79,80,67,68,69,70,57,44,45,32
13,0,13,12;131,118,105,92,79,66,53,40,27,14,15;51,64,77,90,103,102,101,100,113,126,125,124,111,110;24,23,22,21,20,33,32,31,30,29,28,41,54,67,80,93,106,119,132,133,146,147,160,161,162,163,164,165,166;145,144,143,130,117,104,91,78,65,52,39,26,13,0,1,2,3,16;70,71,72,73,74,75,62,49,48,47,46,45,44,43,42,55,68,81,94,107,120,121,134,135,148,149,150,151;97,98,99,112;167,168,155,142,129,116,115,114,127,140;108,95,82,69,56,57,58,59,60,61;17,18,19;34,35,36,37,38,25,12,11,10,9,8,7,6,5,4;50,63,76,89,88,87,86,85,84,83,96,109,122,123,136,137,138,139,152,153,154,141,128;159,158,157,156
13,0,14,11;110,111,112,113,114;127,126,125,124,123,136,149,148,147,134,121,120,107,94,81,68,55,42,43;61,48,35,22,9,8,7,6,5,4,3,2,1,0,13,26,39,52,65,78,91,104,117,130,143,156,157;150,137,138,139,140;135,122,109,108,95,82,69,56,57,44,31,30,29,28,41,54,67,80,93,106,119,132,133,146;72,59,46,33;12,11,10,23,36,49,62,75,74,87,86,85,84;38,51,64,77,90,103,116,129,142,155,168,167,166,165;25,24,37,50,63,76,89,88;73,60,47,34,21,20,19,18,17,16,15,14,27,40,53,66,79,92,105,118,131,144,145,158,159;32,45,58,71,70,83,96,97,98,99,100,101,102,115,128,141,154,153,152,151,164,163,162,161,160
13,0,15,12;27,14,15,16,17,18,19,20,21,22,23,24,37,50,63,76,89,102,101,100,113,126,139,138,137;117,130,143,156,157,158,159,160,161,148,135,122;147,146,145,144,131;115,128,141,154,153,152,151,150,149,136,123,124,125,112,99,86,87,88,75,62,49,36,35,34,33;59,58,71,84,97,96,95,94,81,80;29,28,41,40,39,26,13,0,1,2,3,4,5,6,7,8,9,10,11,12,25,38,51,64,77,90,103,116,129,142,155,168,167,166,165,164,163,162;30,43,42,55,54,53,52,65,78,91,104,105,118,119,132,133,134,121,108,109,110,111;60,73,72,85,98;31,44,57,70,83,82;140,127,114;74,61,48,47,46,45,32;120,107,106,93,92,79,66,67,68,69,56
13,0,16,13;43,56,69,68,67,54,41,28,15,16,17,18,19,32,45,58,59,60,73,86,99,112;44,31,30,29,42,55;93,92,91,78,65,52,39,26,13,0,1,2,3,4,5,6,7,20,33,46,47,48;144,145,132,133,134,135,122,109,96,97,98,111,124,125,126;14,27,40,53,66,79,80;139,138,137,136,123,110;74,75,76,63,50,37,24,23,22;72,85,84,83,82,81,94,107,106,105,104,117;61,62,49,36,35,34,21,8,9,10,11,12,25,38,51,64,77,90,89,88,87,100,113,114,115,116;160,161,162,163,164,165,166,167,154,141;95,108,121,120,119,118,131,130,143,156,157,158,159,146,147,148,149,150,151,152,153,140,127,128,129,142,155,168;71,70,57;103,102,101
13,0,17,13;48,61,60,73,86,85,98,97,110,123,136,149,162,163,164,165,166,167,168,155,142,129,116,115;84,71,72,59;42,29,30,17,18,19,20,21,22,23,24,37,50,63,76,77,90,103,102,101,114,113,126,125,138;132,133,120,121,108,95,82,69,68;74,87,100,99,112,111,124,137,150,151,152,139,140,127;153,154,141,128;119,106,93,92,79,66,53,40,27,14,15,16;43,44,31,32,33,34,35,36,49,62,75,88,89;55,56,57,70,83,96,109,122,135,148,161,160,159,158,157,156,143,130,117,104,91,78,65,52,39,26,13,0,1,2,3,4,5,6,7,8,9,10,11,12,25,38,51,64;58,45,46,47;107,94,81,80,67,54,41,28;144,131,118,105;134,147,146,145
13,0,18,14;88,101,114,127,140,141,154;144,145,146,147,148,149,150,151,164,165,166,167,168,155,142,129,116,103,90,77,64,51,38,25,24,23,22,21,20,33,46,45;69,68,67,66,65,78,91,92,93,94,107,120,133,132,131,118;79,80,81,82,95,108,121,122,123,124,137,138,139,152,153;136,135,134;28,29,30,31,32,19;128,115,102,89,76,75;126,113,100,87,74,61,48,49;163,162,161,160,159,158,157,156,143,130,117,104,105,106,119;62,63,50,37,36,35,34,47,60,73,86;85,72,59;99,98,97,84,71,58,57,44,43,42,41,40,27,14,15,16,17,18;12,11,10,9,8,7,6,5,4,3,2,1,0,13,26,39,52,53,54,55,56;125,112,111,110,109,96,83,70
13,0,19,15;100,113,126,125;62,75,74,73,60,47,34,21,22,23,24;156,143,130,117,104,91,78,65,52,39,26,13,0,1,2,3,4;37,36,35,48,61;5,6,19,32,45,58,71,84,83,96,109,110,123;160,159,158,157,144;80,93,106,119,120,133,134,147,148,161,162,163,164,165,166,167,168,155,142,129,116,103,90,77,64,51,38,25,12,11,10,9,8,7,20,33,46,59,72,85,98,97;18,17,16,15,14,27,40,53,66,79,92,105,118,131,132,145,146;67,68,81,94,107,108,121;56,55,54;41,42,43,44,57,70,69,82,95;28,29,30,31;140,139,138,137,124,111,112,99;127,114,101,88,87,86;122,135,136,149,150,151,152,153,154,141,128,115,102,89,76,63,50,49
13,0,20,12;116,129,142,155,168,167,166,165,164,163,162;148,135,122,121,120,107,94,81;16,15,14,27,40,53,66,79,92,105,118,131,144,145,146;103,90,77,64,51,38,25,12,11,10,23,36,49,62,75,74,73,72,59,46,33,20,21;125,126,113,114,115,128,141,154,153,152,151,150,149,136,123,110,109,108,95,82,69,68,55;18,5,4,3,2,1,0,13,26,39,52,65,78,91,104,117,130,143,156,157,158,159,160,161;34,47,60;127,140,139,138,137,124,111,112,99,100,101,102;42,43,44,45,58,71,84,85,86,87,88,89,76,63,50,37,24;98,97,96,83,70,57,56;147,134,133,132,119,106,93,80,67,54,41,28,29;61,48,35,22,9,8,7,6,19,32,31,30,17
13,0,21,11;131,130,143,156,157,158,159,160,161,162,163,164,165,166,167,168;152,151,150,149,148,147,146,145,144;47,46,59,58,57,56,69,68,81;108,109,110,111,112;127,128,115,102,101,100,99,98,97,96,95,94,93,80,67,54,41,28,29,30,31,18,19,20,33;55,42,43,44,45,32;82,83,84,85,86,87,88,89,76,63,50,37,24,23,22,9,8,7,6,5,4,17,16,15,14,27,40,53,66,79,92,105,106,107,120,121,122,123,124,125,126,113,114;3,2,1,0,13,26,39,52,65,78,91,104,117,118,119,132,133,134,135,136,137,138,139,140,153,154,155;74,75,62,49,36,35,34,21;48,61,60,73,72,71,70;10,11,12,25,38,51,64,77,90,103,116,129,142,141
13,0,22,11;20,19,18,31,44,45,58,59,60,73,74,75,62,49,36,35,34;72,71,70,57,56;83,84,85,86,87,88,101,114,127,140,139,138,137,136;132,133,134,135,122,123,124;9,10,11,12,25,38,51,64,77,90,103,116,129,142,155,168,167,166,165,164,163,162,161,160,159;107,94,81,80,79,66,53,40,27,14,15,16,17,30,43,42,55;126,113,100,99,98,97,96,95,82,69,68,67,54,41,28,29;21,22,23,24,37,50,63,76,89,102,115,128,141,154,153,152,151,150,149,148,147,146,145,158,157,156,143,130,117,104,105;106,93,92,91,78,65,52,39,26,13,0,1,2,3,4,5,6,7,8;144,131,118,119,120,121,108,109,110,111,112,125;32,33,46,47,48,61
13,0,23,11;132,133,134,135,136,137,138,125;118,117,104,91,78,65,52,39,26,13,0,1,2,3,4,5,6,7,8,9,10,11,12,25,38,51,64,77,90,89,88,75,62,49,36,35,34,33,32,45,58;116,129,142,155,168,167,166,165,164,163,162,161,160,159,158,157,156,143;47,46,59,72,71,70,57,44,31,18,19,20,21,22,23,24,37,50,63,76;14,27,40,53,66,79,92,105,106,119,120,121,122,123,124,111,112,113,126,139,152,153,154,141,128,115,102,103;85,84,83,96,95,94,93;74,87,100,101,114,127,140;151,150,149,148,147,146,145,144,131,130;82,81,68,55,42,29;80,67,54,41,28,15,16,17,30,43,56,69;48,61,60,73,86,99,98,97,110,109,108,107
13,0,24,15;78,91,92,93;39,52,65,66,79,80;14,15,16,3,4,5,6,7,8,9,10,11,12,25,38,51,64,63,76,89,102,115,128,141,154,153,152,151,150,149,148,135,122,109,96;138,139,140,127,114,101,88,75,62,49,50,37,24,23,22;29,30,17;57,70,71,84;2,1,0,13,26,27,28,41,42,55;137,124,125,126,113,100,87,74,61,48,35,36;56,69,82,83;77,90,103,116,129,142,155,168,167,166,165,164,163,162,161,160,159,158,157,156,143,130,117,104,105,106,107,120,133,132;31,32,33,46;40,53,54,67,68,81,94,95,108,121,134,147,146,145,144,131,118,119;18,19,20,21,34,47,60,73,86,99,112,111;110,123,136;43,44,45,58,59,72,85,98,97
13,0,25,14;55,42,43,44,45,46,47;99,112,125,124,137,150,149,148,147,146;31,32,33,34;157,156,143;30,29,28,41,54,67,80,93,106;117,130,131,144,145,158,159,160,161,162,163,164,151,138,139,140,141,128,115,114,101,88,75,74,73,60,59,58,57,56,69,68,81,94,107,120,121,122,109,96,97,84;92,79,66,53,40,27,14,15,16,17;91,104,105,118,119,132,133,134,135,136,123,110,111,98,85,86,87,100,113,126,127;165,152,153,154,155,142,129,116,103,90,77,64,51,38,25,12;102,89,76,63,50,49,36,23,10,9,8,7,6,5,4,3,2,1,0,13,26,39,52,65,78;37,24,11;108,95,82,83,70,71,72;168,167,166;18,19,20,21,22,35,48,61,62
13,0,26,11;126,139,152;53,40,27,14,15,16,17,18,19,20,21,34,47,46,45,44,43,42,55,68,81,80;98,111,124,137,136,135,134,133,132,131;129,142,155,168,167,166,165,164,163,162,161,160,159,158,157,156,143,130,117,104,91,78,65,52,39,26,13,0,1,2,3,4,5,6,7,8,9,10,11,12;153,154,141,128,115,102,89,76,63,50,37,36;33,32,31,30,29,28,41,54,67,66,79,92,105,118,119,120,121,122,123,110,97,84,85,86,99,112,125,138,151,150,149,148,147,146,145,144;113,114,127,140;69,56,57,58,59,60,61,74,87,100;116,103,90,77,64,51,38,25,24,23,22,35,48,49,62,75,88,101;94,95,82,83,70,71,72,73;93,106,107,108,109,96
13,0,27,11;98,111,110,123,122,121,120,119,118,105,92,79,66,53,40,27,14,15,16,17,18,19,20,21,22,23,24,37,50,63,76,89,102;81,82,83,70,71;112,99,86,73,60;165,166,167,168,155,142,129;41,28,29,30,31,32,33,34,35,36,49,62,75,88,101,114,127,140,139,138,151,164,163,162,161,160,159,158,157,156;135,136,137,124,125,126,113,100,87,74,61,48,47,46,45,58,57,56,69,68;94,107,108,109;134,133,132,131,130,117,104,91,78,65,52,39,26,13,0,1,2,3,4,5,6,7,8,9,10,11,12,25,38,51,64,77,90,103,116,115,128,141,154,153,152;44,43,42,55,54,67,80,93,106;143,144,145,146,147,148,149,150;95,96,97,84,85,72,59
13,0,28,12;86,99,100,113,126,125,124,123,122,109,108,107,106,105,92,79,66,53,40,27,14,15,16,17,18,19,20,21,22,23,24,37,50,63,76,75;58,59,72;29,42,55,68,81,82,83,96,97,110;95,94,93,80,67,54,41,28;73,60,61,62,49,36,35,34,33,32,31,30,43,56,69;148,147,146,145,144,157;85,84,71,70,57,44,45,46,47,48;135,134,121,120,119,118,117,104,91,78,65,52,39,26,13,0,1,2,3,4,5,6,7,8,9,10,11,12,25,38,51,64,77,90,103,116,129,142,155,168,167,166,165,164,163,162,161,160,159,158;89,102,115,128,141,154,153,152,151,150;133,132,131,130,143,156;112,111,98;74,87,88,101,114,127,140,139,138,137,136,149
13,0,29,13;74,75,88;131,118,105,92,79,66,53,40,41,42,43,44,45,58,71,84,97,110,123,136,135,148,147,146;163,164,165,166,167,154,141,128,115,114,113,126,139,138,137,124,111,98,85,72,59;130,143,156,157,158,159,160,161,162,149,150,151,152,153,140,127;120,107,108,95,82,69;14,15,16,17,18,19,20,21,34,35,36;22,23,24,37,50,63,76,89,102,101,100,87;96,83,70,57,56,55,54,67,80;168,155,142,129,116,103,90,77,64,51,38,25,12,11,10,9,8,7,6,5,4,3,2,1,0,13,26,39,52,65,78,91,104,117;27,28,29,30,31,32,33,46,47,48,49;62,61,60,73,86,99,112,125;144,145,132,133,134,121,122,109;68,81,94,93,106,119
13,0,30,15;33,20,7,6,5,4,3,2,1,0,13,26,39,52,65,78;25,38,51,50,63,76;105,106,107,120,121,122,109,110,111,98,99,100,87,74,75,62;96,97,84,85,86,73,60,61,48,49,36,37,24;168,155,154,153,152,151;41,28,29,30,31;167,166,165,164,163,162,161,160,159,158,157,156,143,130,117,104,91,92,93,80,67,54,55,42,43,44,57,70,83,82,95,108;12,11,10,9,8;71,58,45,32,19,18,17,16,15,14,27,40,53,66,79;56,69,68,81,94;21,22,23;118,131,144,145,146,147,148,149,150,137,138,139,140,141,142,129,116,103,90,77,64;88,101,114,113,112;72,59,46,47,34,35;89,102,115,128,127,126,125,124,123,136,135,134,133,132,119
