6,0,1,5;28,22,16,15,14;25,19,20,21;33,34,35,29;13,7,8,9,10,11,17,23;5,4,3,2,1,0,6,12,18,24,30,31,32,26,27
6,0,2,4;14,20,21,22,28;9,8,7,13,19,25,26,27;3,2,1,0,6,12,18,24,30,31,32,33,34,35,29,23,17,11;15,16,10,4,5
6,0,3,5;14,15,16,22,28;21,20,19,25,24;30,31,32,26,27;13,7,8,9,10,11,17,23,29,35,34,33;5,4,3,2,1,0,6,12,18
6,0,4,4;21,15,9,3;7,13,19,25,26,27,28,22,16,10;20,14,8,2,1,0,6,12,18;24,30,31,32,33,34,35,29,23,17,11,5,4
6,0,5,5;24,25,26,20,14;18,12,6,0,1,2,3,4,5,11,17;19,13,7,8,9,10;15,21,27,28;16,22,23,29,35,34,33,32,31,30
6,0,6,5;28,27,26,25,31;5,11,17,23;12,6,0,1,2,3,4,10,16,22,21,20,14;29,35,34,33,32;30,24,18,19,13,7,8,9,15
6,0,7,4;21,22,16,10,9,8,7,13,19,25;27,28,29,23,17,11,5,4,3,2,1,0,6,12,18,24,30,31;33,34,35;32,26,20,14,15
6,0,8,4;35,29,28,27,26,25,19,13,7,8,9;20,21,22,23,17,11;10,16,15,14;34,33,32,31,30,24,18,12,6,0,1,2,3,4,5
6,0,9,5;6,12,13;0,1,7,8,14;9,10,16,22,28,27,26,25,31;2,3,4,5,11,17,23,29,35,34,33,32;30,24,18,19,20,21,15
6,0,10,6;12,6,0,1,2,3;20,21,15,16;29,35,34,33,32,31,30;18,19,13,7;5,11,17,23,22,28,27,26,25,24;14,8,9,10,4
6,0,11,4;23,29,35,34,33,32,31,30;25,24,18,12,6,0,1,2,3,4,5,11,17,16,22,28;10,9,8,7,13,19,20,26,27;14,15,21
6,0,12,7;6,12,18,24,30,31;2,3,4,5;29,28,22;23,17,11,10,9,8;19,25,26,32;35,34,33,27,21,20;0,1,7,13,14,15,16
6,0,13,5;27,26,20,14,15;35,34,33,32,31,25,19,13;30,24,18,12,6,0,1,2,3,4,5,11,17,23,29,28;10,16,22,21;7,8,9
6,0,14,6;13,7,8,9,10;35,34,33;32,31,25,19,20,21,22,23,17,11,5,4;26,27,28,29;16,15,14;30,24,18,12,6,0,1,2,3
6,0,15,5;32,31,25,19,20,21;26,27,28,22,16,15,14,13;6,12,18,24,30;33,34,35,29,23,17,11,5,4,3,2;10,9,8,7,1,0
6,0,16,4;5,11,17,23,29,35,34,33,32,31;30,24,18,12,6,0,1,2,3,4,10,16,22,21;25,19,13,7,8,9,15;28,27,26,20,14
6,0,17,6;21,15,9,3,2,1,0,6,12,13;29,35,34,33,32,31,30,24,18;4,10,16;22,28,27,26,25,19;20,14,8,7;5,11,17,23
6,0,18,6;20,21,22,16,10,9,3;18,24,30,31,32,33,34;15,14,8,7;26,27,28,29,35;25,19,13,12,6,0,1,2;4,5,11,17,23
6,0,19,6;9,15,14,20;21,22,16;1,0,6,12,18,24,30,31,32,33,34,35;10,11,5;26,25,19,13,7,8,2,3,4;27,28,29,23,17
6,0,20,4;16,10,9,8,2,1,0,6,12;25,26,27,28,22;15,14,13,7;3,4,5,11,17,23,29,35,34,33,32,31,30,24,18,19,20,21
6,0,21,4;30,24,18,12,6,7;15,21,20,26,32,33,34,35,29,23,17,11,5,4,3,2,1,0;13,19,25,31;27,28,22,16,10,9,8,14
6,0,22,5;28,27,26;0,6,12,18,24,30;25,31,32,33,34,35,29,23,17,16,10,9,8,14,20;19,13,7,1,2,3,4,5,11;22,21,15
6,0,23,5;26,27,21,15;5,11,17,16,22,28,34,33,32,31,30,24,18,12,6,0,1,2,3;20,14,8,9,10,4;23,29,35;7,13,19,25
6,0,24,4;21,15,14,13,19;31,32,33,34,35,29,23,17,11,5,4,3,2,1,0;18,12,6,7,8,9,10,16,22,28,27;20,26,25,24,30
6,0,25,4;10,9,8,7;28,29,23,17,16,15,14,20;13,19,25,26,27,21,22;11,5,4,3,2,1,0,6,12,18,24,30,31,32,33,34,35
6,0,26,6;0,6,12,13,14,20,21,22,16,10,11;15,9,8,7,1;5,4,3,2;19,25,26,27,28;18,24,30,31,32,33,34;35,29,23,17
6,0,27,6;17,11,10,9;0,1,2,8,14,15,16;5,4,3;7,13,19,25,26,27,28;20,21,22;23,29,35,34,33,32,31,30,24,18,12,6
6,0,28,6;25,19,18,12,6,0,1,2,3,4;28,27,26,32,31,30,24;16,15,14,13;22,21,20;7,8,9,10;5,11,17,23,29,35,34,33
6,0,29,5;18,24,30,31,32,33,34,35;11,17,23,22,21,20;7,8,9,10;5,4,3,2,1,0,6,12,13,14,15,16;29,28,27,26,25,19
6,0,30,5;1,7,13,19,25;31,32,26,20,14,8,2,3,4,5,11,17,23,29,35;0,6,12,18,24,30;34,33,27,21,15,9;10,16,22,28
6,0,1,6;32,31,30,24,18,12,6,0,1,2,3,9,15,16,22;35,34,33;21,20,14;11,17,23,29,28,27,26,25,19;13,7,8;5,4,10
6,0,2,6;0,6,7,13;12,18,24,30,31,32,26,27,21,15;22,16,10,9;8,14,20,19,25;1,2,3,4,5,11,17,23,29,35;28,34,33
6,0,3,6;0,6,12,18;24,30,31,32,33,34,28,22,21,20,19,13,7;25,26,27;35,29,23,17,16,15,14,8,2,1;4,3,9;5,11,10
6,0,4,6;15,21,20;26,25,19,13,14;5,11,17,23,29,35,34;7,8,9,3;6,0,1,2;4,10,16,22,28,27,33,32,31,30,24,18,12
6,0,5,4;3,2,1,0,6,12,18,24,30,31;7,8,9,15,21,20,26,32,33,34,35,29,23,17,11,5,4;25,19,13,14;27,28,22,16,10
6,0,6,6;9,15,21,27,28,34;19,13,7,8;35,29,23,22,16,10;17,11,5,4,3,2,1,0,6,12,18,24;30,31,32,33;25,26,20,14
6,0,7,5;25,19,13,7,8;32,31,30,24,18,12,6,0,1,2,3,4,10,16,22,28;5,11,17,23;29,35,34,33,27,21,15,9;14,20,26
6,0,8,6;29,23,22,16;10,9,15,21,20,26;25,19,13,7,1,0;17,11,5,4,3,2,8,14;6,12,18,24,30,31,32,33;27,28,34,35
6,0,9,4;7,13,19,25,26,27,28,22;21,15,16,10,4;5,11,17,23,29,35,34,33,32,31,30,24,18,12,6,0,1,2,3,9;8,14,20
6,0,10,6;22,16,10,9,3,2,1,0;35,29,28,27;31,25,19,13,14,8;23,17,11,5,4;15,21,20,26,32,33,34;30,24,18,12,6,7
6,0,11,4;0,6,12,18,24,30,31,32;25,26,20,14,15,16,22,28;8,9,10;19,13,7,1,2,3,4,5,11,17,23,29,35,34,33,27,21
6,0,12,5;9,8,7;33,34,35,29,23,17,11,5;4,3,2,1,0,6,12,18,24,30,31,32;22,21,20;10,16,15,14,13,19,25,26,27,28
6,0,13,4;20,14,8,2;4,3,9,15,21;10,16,22,28,27,26,25,19,13,7;5,11,17,23,29,35,34,33,32,31,30,24,18,12,6,0,1
6,0,14,5;35,34,33,32,31,30,24,18,19,20,21,22,23,17;0,6,12,13,14,15,16,10,11,5;4,3,2,1;29,28,27,26,25;7,8,9
6,0,15,4;21,20,14,8;5,4,10,16,22,28,27,26,25,19,13,7;6,12,18,24,30,31,32,33,34,35,29,23,17,11;0,1,2,3,9,15
6,0,16,6;34,28,27,26,20,14,13;25,19,18,12,6,0,1,2,3,4,5,11;33,32,31,30,24;7,8,9,10,16,17;22,21,15;23,29,35
6,0,17,6;6,0,1,2,3,4,5,11;17,16,10,9;35,34,28,27,26;33,32,31,25,19,20,21,22,23,29;30,24,18,12,13,7;8,14,15
6,0,18,6;13,14,15;35,34,33,32,31,25,19;10,9,8,7;17,23,29,28,27,26,20;21,22,16;30,24,18,12,6,0,1,2,3,4,5,11
6,0,19,3;26,27,28,22,16,10,9,8,7,6;25,19,20;0,1,2,3,4,5,11,17,23,29,35,34,33,32,31,30,24,18,12,13,14,15,21
6,0,20,7;2,1,0,6;28,22,16,15,14;5,4,3;34,35,29,23,17,11,10,9;26,25,31,30;8,7,13,12;24,18,19,20,21,27,33,32
6,0,21,4;0,1,2,3,9,15,21;5,11,17,23,22,28,27,26,25,19,13;20,14,8,7,6,12,18,24,30,31,32,33,34,35,29;4,10,16
6,0,22,5;10,9,8,7,13,19,25,31,30;29,23,22,21,27;24,18,12,6,0,1,2,3,4,5,11,17,16,15,14;35,34,28;33,32,26,20
6,0,23,5;12,6,0,1,2,3,4,5,11,17;16,15,14,13,19,18,24;20,21,22,23,29,35,34,33,32;10,9,8,7;28,27,26,25,31,30
6,0,24,4;34,33,27,26,25,19,13,7;28,22,21,15;20,14,8,9,10,16;32,31,30,24,18,12,6,0,1,2,3,4,5,11,17,23,29,35
6,0,25,5;15,21,20,19,13,7;28,27,26,25;1,2,3,4,5;14,8,9,10,16,22;11,17,23,29,35,34,33,32,31,30,24,18,12,6,0
6,0,26,6;28,29,23;25,19,13,7,1,2,3,4,5,11,17;35,34,33,32,31,30,24,18,12,6,0;8,14,20,26,27;10,16,22;9,15,21
6,0,27,4;28,27,26,25,24,18,12,6,0,1,2;13,14,15,16,10;30,31,32,33,34,35,29;19,20,21,22,23,17,11,5,4,3,9,8,7
6,0,28,5;21,15,9,8,7;19,25,26;18,24,30,31,32,33,34,35,29,23,17,11,5,4,3,2,1,0,6;12,13,14,20;10,16,22,28,27
6,0,29,5;30,24,18,12,6,0,1,2,3,4,5,11,17,23,29,35;34,33,32,31;25,26,20,14,8,9,10,16,22,28;15,21,27;19,13,7
6,0,30,5;30,31,32,26,20,19;25,24,18,12,13,7,8;9,10,16;29,35,34,33,27,21,15,14;28,22,23,17,11,5,4,3,2,1,0,6
6,0,1,5;4,10,16;35,34,33,32,31,30,24,18,12;29,28,27,26,20,14,8;6,0,1,2,3,9,15,21,22,23,17,11,5;25,19,13,7
6,0,2,4;3,4,5;10,11,17,23;29,35,34,33,32,31,30,24,18,12,6,0,1,2,8,14,20,21;7,13,19,25,26,27,28,22,16,15,9
6,0,3,5;35,34,28,22,16;6,12,18;5,4,3,2,8,14,20,26,32,31,30;33,27,21,15,9,10,11,17,23,29;0,1,7,13,19,25,24
6,0,4,5;15,14,8;20,21,22,16,10,9;7,13,19;30,31,32,33,27,28;26,25,24,18,12,6,0,1,2,3,4,5,11,17,23,29,35,34
6,0,5,3;5,11,10,9,8,7;21,20,19,18,24,30,31,32,33,34,35,29,23,17;4,3,2,1,0,6,12,13,14,15,16,22,28,27,26,25
6,0,6,5;10,9,15;8,2,3,4,5,11,17,23,29,35,34,33,32,31,30,24;14,13,7,1,0;28,27,26,25,19,18,12,6;16,22,21,20
6,0,7,6;8,2,3,4,5,11,17,23,29,35,34,33,32,31,30,24,18;6,12,13,14,15;0,1,7;26,27,28;25,19,20,21,22;9,10,16
6,0,8,4;6,7,8,14,15,21,27,26,25;12,13,19,20;18,24,30,31,32,33,34,28,22,16,10,9;35,29,23,17,11,5,4,3,2,1,0
6,0,9,4;25,26,27,28,22,16,10,9,8,2,1,0;3,4,5,11,17,23,29,35,34,33,32,31,30,24;6,7,13,14,15;12,18,19,20,21
6,0,10,5;9,10,11;27,26,25,19,13,7;15,16,17,23;8,14,20,21,22,28,29,35;34,33,32,31,30,24,18,12,6,0,1,2,3,4,5
6,0,11,3;19,13,7,8,9,10,16,22,28,34,35;21,27,33,32,31,30;15,14,20,26,25,24,18,12,6,0,1,2,3,4,5,11,17,23,29
6,0,12,6;7,6,12,18,24,30,31,32,33,34,35,29,23,17,11;10,9,8,14;5,4,3,2,1,0;28,22,16;25,26,27,21,15;20,19,13
6,0,13,4;28,27,26,20,14,15,9;6,12,18,24,30,31,32,33,34,35,29,23,17,11,5,4,3,2,8;0,1,7,13,19,25;21,22,16,10
6,0,14,4;7,13,19,25,31,32;33,34,28,22,16,10,9,8,14,20,26;35,29,23,17,11,5,4,3,2,1,0,6,12,18,24,30;15,21,27
6,0,15,4;35,34,33,32,31,30,24,18,12,6,0,1,2,3,4,10;22,16,15,14;26,25,19,13,7,8,9;5,11,17,23,29,28,27,21,20
6,0,16,5;19,20,21;17,11,5,4,3,2,1,0;30,31,32,33,34,35,29,23,22,16,15,14,13;6,7,8,9,10;12,18,24,25,26,27,28
6,0,17,6;22,21,20,19;28,27,26;30,24,18,12;7,8,9,10;16,15,14,13;6,0,1,2,3,4,5,11,17,23,29,35,34,33,32,31,25
6,0,18,6;6,12,18,24,30;27,21,15;13,19,25,31;14,20,26,32,33;28,22,16,10,9,8,7,1,0;2,3,4,5,11,17,23,29,35,34
6,0,19,5;9,10,11,17,23,29,35,34,33,32,31,30,24,18,12,6,0;1,2,8,14,15,16;28,27,26,25;3,4,5;22,21,20,19,13,7
6,0,20,4;19,25,31,32;30,24,18,12,13,14,20,26;5,11,17,23,29,35,34,33,27,21,15,9,8,7;6,0,1,2,3,4,10,16,22,28
6,0,21,5;25,24,18,12,6,0,1,2,3,4,5,11,17,23;29,28,22,16,15,14;30,31,32,26,27;35,34,33;21,20,19,13,7,8,9,10
6,0,22,4;3,4,10,16,22,28,34,33,32,31,30,24,18,19;27,21,15,9,8,7;25,26,20,14,13,12,6,0,1,2;5,11,17,23,29,35
6,0,23,6;14,20,19,25;11,10,16,22,28,27,26;7,8,9,15,21;32,33,34,35,29,23,17;5,4,3,2,1,0,6,12,13;31,30,24,18
6,0,24,5;5,11,17,16,15,14,13,19,25,26,27,28,34,35;6,0,1,2,3;29,23,22,21,20;33,32,31,30,24,18,12;7,8,9,10,4
6,0,25,5;24,30,31,32,33,34,35,29,23;10,9,15,21;11,5,4,3,2,8;17,16,22,28,27,26,20,14,13,7;25,19,18,12,6,0,1
6,0,26,6;19,18,12,6,0;5,4,3,2,8;31,32,33,34,35,29,23,17,11;27,28,22,16;1,7,13,14,20,26,25,24,30;21,15,9,10
6,0,27,6;12,6,0,1,2,3;31,32,33,34,28,22,16,10,4;5,11,17,23,29,35;13,7,8,9,15,21,27;25,26,20,14;19,18,24,30
6,0,28,5;13,7,8,9,10,16,22,28;15,21,27,33,34,35,29,23,17,11,5;19,25,24,30;4,3,2,1,0,6,12,18;14,20,26,32,31
6,0,29,5;28,22,16,10,4,3,2,8,7;13,19,25;9,15,21,27,33;1,0,6,12,18,24,30,31,32,26,20,14;34,35,29,23,17,11,5
6,0,30,6;6,0,1,2,8;3,4,5,11,17,23,29,28;35,34,33,32,31,30,24,18,12,13,7;25,26,27;16,22,21,20,19;10,9,15,14
6,0,1,6;9,15,21,27,33,34,35,29,23,17,11,5;7,13,14;8,2,3,4,10,16,22,28;26,32,31;20,19,18,12,6,0,1;30,24,25
6,0,2,4;28,27,33,32,31,30,24,18,19,13,14,15,16,10,4,3,2,1,0;17,11,5;34,35,29,23,22,21,20,26,25;12,6,7,8,9
6,0,3,4;35,34,33,32,31,25,19,13,7,8;28,29,23,17,11,5,4;30,24,18,12,6,0,1,2,3,9,15,14,20;10,16,22,21,27,26
6,0,4,5;14,15,16,17,11,5,4,3,2,1,0,6;34,28,27,26,25,19,13;35,29,23,22,21,20;10,9,8,7;12,18,24,30,31,32,33
6,0,5,4;18,24,30,31,32,26,20,14,8,7;5,4,10,16,22,28,34,33;11,17,23,29,35;25,19,13,12,6,0,1,2,3,9,15,21,27
6,0,6,5;33,34,35,29,23,17;11,10,9,8,14,20,21;28,22,16,15;27,26,32,31,30,24,18,12,6,0,1,2,3,4,5;7,13,19,25
6,0,7,7;1,2,8,14;5,11,10,16,22;17,23,29,35,34,33;31,30,24,18,12;25,19,13,7,6,0;32,26,27,28;4,3,9,15,21,20
6,0,8,4;4,10,16,15;29,28,27,26,25,19,13;35,34,33,32,31,30,24,18,12,6,0,1,2,3,9;5,11,17,23,22,21,20,14,8,7
6,0,9,6;9,8,7;13,14,15,16,22,28,29;26,32,31,30,24,18;35,34,33,27,21,20,19,25;5,4,3,2,1,0,6,12;10,11,17,23
6,0,10,5;19,20,14;1,0,6;23,29,35,34,33,32,31,30,24,18,12,13,7,8,2;17,11,5,4,3,9,15,21,27,26,25;28,22,16,10
6,0,11,6;20,14,15,9,10,11;5,4,3,2,1,0,6,12,18,24,30,31,32,33;27,26,25;35,29,23,17,16;34,28,22,21;19,13,7,8
6,0,12,5;23,29,28;25,19,13,7,8,9,10;22,21,27,33,34,35;32,26,20,14,15;31,30,24,18,12,6,0,1,2,3,4,5,11,17,16
6,0,13,3;21,22,23,29,35,34,33,32,31,25,19,13,7,8,9,10;30,24,18,12,6,0,1,2,3,4,5,11,17,16,15,14;20,26,27,28
6,0,14,5;35,34,33,32,31,30,24,18,12,6,0,1,2;15,16,10,4,5;11,17,23,29;28,22,21,20,14,8,9,3;27,26,25,19,13,7
6,0,15,4;34,28,22;33,32,31,30,24,18,12,6,0,1,2,3,4,5,11,17,16,15,14,20;21,27,26,25,19,13,7,8,9,10;23,29,35
6,0,16,5;32,26,27,28,22,16,15,14,13,12,18,24,30;31,25,19,20,21;6,7,8,9,10;0,1,2,3,4,5,11,17;33,34,35,29,23
6,0,17,5;15,21,22,23;28,27,26,20,14;29,35,34,33,32,31,25,19,13,7;8,9,10,16;30,24,18,12,6,0,1,2,3,4,5,11,17
6,0,18,7;32,33,27,28;10,9,3,2;0,6,12,13,19,25;26,20,14,8,7,1;18,24,30,31;21,15,16,17,11,5,4;22,23,29,35,34
6,0,19,4;25,19,13,14;34,35,29,23,17,11,5,4,3,2,1,7;15,21,20,26,32,31,30,24,18,12,6,0;8,9,10,16,22,28,27,33
6,0,20,5;1,7,13;4,10,16,22,28,34,33,32,31,30,24;0,6,12,18,19,20,14,8,2;5,11,17,23,29,35;25,26,27,21,15,9,3
6,0,21,3;6,7,8,9,15,21;19,25,26,27,28,22,16,10;20,14,13,12,18,24,30,31,32,33,34,35,29,23,17,11,5,4,3,2,1,0
6,0,22,5;27,26,25,19,13,7,8;23,29,35,34,33,32,31,30,24,18,12,6,0,1,2,3;14,20,21,22,28;16,17,11,5,4;10,9,15
6,0,23,5;33,27,21,15;34,28,22,16,17,11,5,4,3,2,1,0;35,29,23;7,13,19,25;10,9,8,14,20,26,32,31,30,24,18,12,6
6,0,24,4;7,8,9,10,16,22;12,6,0,1,2,3,4,5,11,17,23,29,35,34,33,32,31,30;20,26,25;28,27,21,15,14,13,19,18,24
6,0,25,4;20,26,32,31,30,24,18,12,6,0,1,2,3,4,5,11,17,23,29,35;33,27,21,15,14,8;34,28,22,16,10,9;7,13,19,25
6,0,26,6;17,23,29,35,34,33,32,31,25;30,24,18,19,20,21;5,4,3,2,1;7,8,9,10,11;13,14,15,16,22,28,27,26;0,6,12
6,0,27,4;27,28,22,16,10,9,8,7;31,25,19,13,14,15;33,34,35,29,23,17,11,5,4,3,2,1,0,6,12,18,24,30;32,26,20,21
6,0,28,5;17,23,29,35,34,33;25,19,20,21,22;5,11,10,16,15,14,13,12,18,24,30,31,32,26,27,28;6,0,1,2;4,3,9,8,7
6,0,29,5;13,14,15,21;0,1,2,3,4,5,11,17,23,29,35,34,33,32,31,30;12,6,7,8,9,10,16,22,28,27;24,25,26;20,19,18
6,0,30,4;16,17,11,5,4,3,2,1,0,6,12,18,24,30,31,32,33,34,35,29;10,9,15,21,22,23;25,19,13,7;28,27,26,20,14,8
6,0,1,6;30,31,32,33,34,35,29,23,17;6,0,1,2,8,14,20,19;4,3,9,15,21,22;28,27,26,25;24,18,12,13,7;5,11,10,16
6,0,2,5;0,6,12,18,24,30,31,32;28,22,16,15,14;10,9,8,7,13,19,25,26;27,21,20;33,34,35,29,23,17,11,5,4,3,2,1
6,0,3,5;10,16,15,14,20,26,32,33,34;21,22,23,17,11,5;24,18,12,6,0,1,2;35,29,28,27;4,3,9,8,7,13,19,25,31,30
6,0,4,5;27,33,32,31,30,24,18,12,6,7;20,26,25;19,13,14,15,21;0,1,2,3,4,5,11,17,23,29,35;8,9,10,16,22,28,34
6,0,5,5;28,22,16,10,9,8;34,35,29,23,17,11,5,4,3,2,1,0,6,12,18;7,13,14,15;30,31,32,26;33,27,21,20,19,25,24
6,0,6,5;14,8,2,3,4,5,11;7,13,19,25,26,27,28;1,0,6,12,18,24,30,31,32,33,34,35,29,23,17;10,9,15;16,22,21,20
6,0,7,5;24,18,12,6,0,1;14,15,21,27,33,34,35,29,23,17,11,5,4;30,31,32,26,20;28,22,16,10,9;3,2,8,7,13,19,25
6,0,8,5;0,1,2,8,14,20,26,32,31,30,24,18,12;27,21,15,9,10;6,7,13,19,25;16,22,28,34,33;3,4,5,11,17,23,29,35
6,0,9,5;34,35,29,23,17,11,5,4,3,9;28,22,16,10;33,27,21,15;1,2,8,14,20,26,32,31,30,24,18,12;0,6,7,13,19,25
6,0,10,4;24,30,31,32,26;28,22,16,15,14,20,19,25;6,0,1,2,3,4,5;21,27,33,34,35,29,23,17,11,10,9,8,7,13,12,18
6,0,11,6;14,20,21,22,16,17,11;28,27,26,25,19;6,0,1,2,3,4,5;12,13,7,8;23,29,35,34,33,32,31,30,24,18;10,9,15
6,0,12,4;5,4,10;3,9,15,16;21,20,14,8,2,1,0,6,12,18,24,30,31,32,33,34,35,29,23,17,11;22,28,27,26,25,19,13,7
6,0,13,6;28,22,21,15,14,8,2;9,10,16;27,26,25;23,29,35,34,33,32,31,30,24,18,12,6,0,1;20,19,13,7;3,4,5,11,17
6,0,14,6;28,22,16,10,9,3;7,8,14;18,24,30,31,32,33,34,35,29,23,17,11,5,4;12,13,19,25,26,27;2,1,0,6;20,21,15
6,0,15,4;28,27,26,25,24,18;30,31,32,33,34,35,29,23,17,11,5,4,3,2,1,0,6,12;13,14,15;19,20,21,22,16,10,9,8,7
6,0,16,4;19,13,7,8,9,10,16,22,21;5,4,3,2,1,0,6,12,18,24,30,31,32,33,27,28;15,14,20,26,25;11,17,23,29,35,34
6,0,17,5;30,31,25,19,13,14,15,16,10,4,3,2,1,0;5,11,17,23,22,21;35,29,28,27;20,26,32,33,34;24,18,12,6,7,8,9
6,0,18,5;9,10,16,22;19,13,12,6,0,1,2,3,4,5,11,17,23,29,28,27,21,15;31,30,24,18;35,34,33,32;25,26,20,14,8,7
6,0,19,5;14,8,7,6,12,18,24,30,31,32,33,34,35,29,23,17,11,5,4;13,19,25,26;2,1,0;20,21,15;27,28,22,16,10,9,3
6,0,20,7;28,22,21,20;0,1,7,8,9,10;14,15,16;33,27,26,25;2,3,4,5,11,17,23,29,35,34;32,31,30,24,18,19;13,12,6
6,0,21,4;3,4,5,11,17;26,25,19,13,7,1,2;15,21,27,28;0,6,12,18,24,30,31,32,33,34,35,29,23,22,16,10,9,8,14,20
6,0,22,5;16,15,14,13,12,18,24,30;19,20,21,22,28;1,2,3,4,5,11,17,23,29,35,34,33,32,31;27,26,25;0,6,7,8,9,10
6,0,23,6;13,19,25,31,30;35,29,23,17,11,5;7,8,14,20,26,32,33,34;21,27,28;22,16,10,4;15,9,3,2,1,0,6,12,18,24
6,0,24,6;6,0,1,2,3,9,10;4,5,11;25,26,27,28,22,23;29,35,34,33,32,31,30,24,18;21,20,19,13,12;17,16,15,14,8,7
6,0,25,5;10,16,15,14;25,26,20,21,22,23,17,11,5;28,27,33,32,31,30,24,18,12,6,0,1,2;34,35,29;4,3,9,8,7,13,19
6,0,26,5;5,4,3,2,1,0,6,12,18,24,30,31,32,33,34,28,22,16,15,14,20;23,29,35;19,13,7,8,9;25,26,27,21;10,11,17
6,0,27,4;29,23,22,21,20,19,25;10,9,8,7,6,0;35,34,33;28,27,26,32,31,30,24,18,12,13,14,15,16,17,11,5,4,3,2,1
6,0,28,4;7,13,14,20,26;25,19,18,12,6,0,1,2,3,4,5,11,17;15,21,27,28;8,9,10,16,22,23,29,35,34,33,32,31,30,24
6,0,29,5;11,10,16,22;31,30,24,18,12,6,0,1,2,3,4,5;20,21,27,28,29,23,17;7,8,9;35,34,33,32,26,25,19,13,14,15
6,0,30,6;10,9,3;1,0,6,12,18,24,25,26;23,17,11,5,4;29,35,34,33,32,31,30;2,8,14,15,16,22,28,27;7,13,19,20,21
